7551
5276
5712
5608
7126
6731
5932
2501
4074
3076
5735
7490
6405
7918
3468
7598
0163
9086
7237
8753
3236
0356
1157
7547
4746
5824
9422
1006
1290
5164
9327
8345
6186
4191
8359
7401
9143
9403
1136
2591
8612
2421
8521
8028
3081
3096
6700
5931
1288
4638
0662
4300
0548
6122
9733
8605
3392
2207
4167
8184
0245
7877
6405
7257
7450
0588
7319
7292
5043
8227
6386
7917
4187
4917
7659
1846
5332
3825
2620
8166
5405
1112
0252
2120
3742
2084
7837
3131
0816
5963
0726
4905
4933
0700
1022
1020
9813
0659
0794
7271
7147
8595
7213
3298
1991
7686
4955
7511
6628
6048
9051
0562
2888
9915
3057
4162
3020
3512
4761
4903
2757
9308
4000
7158
6753
8283
8234
5456
5107
3817
8036
1452
5218
7458
8299
4782
3141
3419
2281
8346
3998
8616
5532
8094
9701
8943
1758
6769
4773
5243
0891
9672
5073
9468
2849
5970
3230
6141
1312
8946
9192
3971
9864
5805
4383
1446
2946
8121
3820
8481
5405
3585
5515
9973
0147
8382
7844
0385
2325
8115
8040
7682
9684
5828
6814
8694
1961
8682
0702
0375
8616
5946
5541
7582
8737
0917
1969
3367
2801
2071
3162
9066
3602
4334
5780
9987
8627
5376
5566
9580
3604
7914
9265
2521
2582
6419
9983
8610
0446
1854
5647
8830
8144
5205
2571
5461
9555
3546
2376
6894
2718
2992
5809
0121
8162
5461
7507
6464
8552
4400
4049
5093
6906
9510
5943
8043
0610
6589
8647
9333
6223
5070
4802
6788
9830
1210
4307
8079
7495
3476
2506
6521
5755
5400
8900
8564
4389
0170
5579
5470
1926
9786
6132
8971
4671
0820
8969
5938
0512
4008
5963
7242
1728
8547
3672
9140
8262
0552
8858
1097
7913
3794
4066
5995
0355
2311
7777
9352
9602
8690
7916
8541
3366
7313
4775
5632
7449
5241
0178
2405
9740
8020
0828
4155
7051
3187
3253
0671
0577
7068
2147
6544
1004
0472
2801
5252
8375
7619
8549
7966
6309
3755
5135
6086
6341
4138
2231
3835
6005
1724
9214
6813
2444
5206
6620
7394
6087
5841
9229
3746
4894
2801
5148
5278
2529
6180
1034
4564
2993
4179
7287
1208
0087
8388
8218
2737
3897
0977
5272
1079
5231
6906
0528
9445
5849
7944
4674
6303
7250
7719
7646
5649
5517
3903
1770
2499
9840
7899
0907
8837
3637
6748
1406
2339
5183
3018
0856
2239
7164
5808
1742
3667
6283
3069
1511
5468
2334
1648
6152
1481
2678
0887
8705
7764
5851
9084
3724
1298
1703
0881
3731
6441
4290
1870
4608
9233
1244
5704
2120
1557
7452
8766
9089
8451
6489
1819
0595
6438
5973
2111
8564
7928
9534
8487
7647
3935
0275
4997
9761
9614
7905
8611
4531
3481
3290
7748
7298
0472
6696
0210
1627
9081
0134
7518
4299
8876
5349
7780
4129
6845
2645
6232
6891
5937
0139
3961
0155
8830
0277
3369
8944
5760
2769
6492
3768
6694
6553
9740
3450
9733
4122
3633
4747
6289
6139
1225
8068
4296
8305
0938
1918
6073
7554
6101
1150
1641
1764
2153
1673
6263
6744
1879
2817
9308
9433
6779
0353
7888
8404
3090
8726
1255
1196
0688
2131
3078
2736
5429
4930
7327
5443
1976
4138
4259
7764
8850
7933
8926
2150
7060
7085
8604
8947
3508
6466
7749
3964
0175
3002
3979
8003
9156
5784
5626
8749
2183
7705
1096
5147
2652
3541
5855
0942
3257
5034
7618
8956
1796
5633
3899
5036
7834
1441
8752
1987
1731
7250
8879
2878
6152
0084
7442
2066
2777
4395
3875
5638
5498
4685
2802
9006
7069
4793
8062
4812
7405
4557
5037
8786
2551
7330
8586
4342
9893
6488
4275
8784
2049
7485
8207
0887
2600
4397
2599
6769
4174
6409
1153
1410
3637
1307
1487
6828
8225
8963
1782
1690
2285
2577
5092
1310
6076
1072
1064
3499
6907
8275
8623
6337
0166
0937
1447
8535
2376
9771
3462
6354
6467
7038
9973
6330
5672
5136
5784
9602
1538
1295
7217
2412
1853
3451
6350
0318
5087
2621
0875
6486
1963
3987
7621
1634
1407
5717
6081
8639
5047
8647
5841
1031
6121
3040
8755
9877
4799
2813
1176
0277
6729
5918
0664
3328
6611
1058
8888
9159
3918
5478
4147
8132
0757
3954
2489
2625
2658
8111
9188
8573
7216
3162
7545
8906
4119
6987
6106
6123
8746
4945
3692
8807
5026
3232
5673
4463
6297
5674
4921
2681
7760
0369
7250
0893
7342
6072
7051
2148
2661
2343
1919
0715
4381
8114
6178
4757
7562
1167
5989
8079
8618
4364
6141
6720
8111
8092
2009
9479
6884
4222
6840
5856
7150
2520
6900
9125
6683
0988
0208
5345
7551
5737
8160
3997
9128
7381
6264
9055
2402
4172
6407
0413
9347
2201
0077
2608
1356
5633
7252
9710
3714
9558
1444
2765
9361
9697
2563
6853
8082
4191
0749
1691
3050
5748
4425
2432
6314
6568
3127
5087
0497
4214
2554
1967
2938
0201
1894
6951
9256
1829
5794
5987
1072
0839
2857
1859
6122
2660
7999
6735
7456
0915
9184
9854
0578
5772
0227
2132
0888
0461
9121
3130
6790
6895
4624
9946
4853
7428
7453
5246
4357
9012
3778
6078
3463
4970
4302
5096
8978
8512
9819
1596
3158
8411
4264
5331
2348
1671
8335
9321
4520
4406
8685
5674
0165
9721
5064
1586
7939
1724
2001
2142
5457
1696
9640
2730
4163
7313
8322
2234
4287
0157
8310
5524
0896
3423
5906
1019
8826
8499
9856
4570
8994
2396
5619
5046
9708
5181
7001
8912
6311
6231
9241
3561
1225
1260
6115
7104
1939
6738
3088
8529
1968
7675
8006
6315
9733
3286
6249
1473
6718
0680
9229
6579
8087
7127
9750
3936
9716
4269
6238
7569
2042
4202
6813
9703
5052
7679
4406
1271
7687
4839
0556
5519
1047
8207
9412
8969
3925
0768
9262
9848
7073
0142
2152
3775
4780
2406
2426
3692
0763
1309
5464
1406
1962
9840
9778
9240
1953
6795
6281
6625
3893
8669
3004
3097
1771
2688
6802
2535
5334
2451
1103
6980
9347
1156
0989
6443
5426
6866
1746
1860
1020
2574
7345
8692
0935
8549
8321
9976
1862
1573
3439
1307
9580
6584
9614
1887
0068
6711
3579
8430
3739
7975
7659
1903
2510
7018
5081
2024
9588
2006
6600
2764
3939
4869
1355
7077
4216
5411
3705
1567
5521
9038
2818
4877
9522
5669
7537
8296
8400
6273
3646
0504
8686
9217
9813
7915
7758
1304
8239
5115
7221
6268
5144
3383
4748
3057
6190
1122
5299
2100
2228
8478
1006
1566
7728
6359
6637
6923
7274
0151
4211
9117
2193
5038
1518
5871
2420
4886
5663
5998
1303
9783
3969
3804
6149
0378
2796
1611
7940
1329
6253
5247
4529
0208
0489
2301
1998
2903
1739
8531
9936
9475
5113
7827
3180
2894
8999
4503
7397
1163
2383
9262
0167
5270
7860
8248
2432
3657
8108
9940
2302
2274
7107
7959
7980
2101
6117
6237
6320
5933
5591
6552
9283
1188
5245
2563
8240
6839
1490
2931
7845
9847
7029
4518
4004
7198
5892
9123
1767
2986
5821
6208
6140
3079
7505
7771
6522
5538
6383
7848
2798
7241
7660
9884
4862
5537
2768
8309
1777
7789
9548
4721
3523
6597
0486
2783
5510
6359
9697
6266
6792
0261
9582
8449
2474
2733
2702
3378
9948
4727
0656
5891
1220
6134
8346
7244
5116
2050
6946
2484
8463
3113
6879
6740
1576
3356
0819
1088
3368
9776
6995
9781
8791
4488
0182
8466
5900
9843
9428
8769
5340
3665
1413
6306
0191
6935
1916
2411
9670
3333
3674
1644
8248
9716
5083
5890
7193
0349
2106
8625
3670
7385
7907
8914
9693
6732
6124
0800
2763
6430
9225
9279
2102
6961
1420
2928
6324
7523
9690
0369
3693
4596
0857
6638
4206
8559
1459
7636
5214
3122
4161
4039
1276
1089
7381
6757
7087
7321
3178
3443
0369
4984
1890
9792
6095
1741
8746
0889
2263
1527
8392
2450
4080
9835
9800
1314
6155
9371
3486
6899
5344
7559
2014
9333
2581
3066
3452
6546
4737
3364
7850
8468
0198
3860
4746
2026
4362
9970
1370
6858
1648
6862
8091
1486
2747
4106
8228
3492
1328
5319
2676
9666
7290
4122
2072
5698
4724
4630
8301
3130
2395
2300
8886
1745
8508
3144
5183
5453
9464
3894
1830
7546
6420
7991
5062
1332
2614
0393
2838
3518
4606
8415
4279
9147
3587
3372
6533
3701
0233
7429
9712
2710
5854
2297
4473
4132
5730
0663
5892
4361
3644
7813
6706
6375
2921
6636
6199
6362
3381
5240
2811
8347
8034
6188
6203
9721
9471
3500
2049
8360
1073
2644
0996
3519
8994
7658
5641
2507
9396
7162
3602
5604
7725
2375
8453
6444
7689
7861
0573
7778
5264
4489
2518
6859
3860
9581
3997
8071
4604
9594
3869
4537
3360
8982
8157
4301
0160
3276
8086
0443
3312
7605
8362
2177
7103
9793
7297
2661
9090
9614
3894
1071
2881
9331
1721
7463
0760
8524
5976
7842
5428
7667
8500
6328
6999
5977
2896
8615
7896
3065
8048
7743
0562
9339
7531
6294
2715
1843
5356
3303
9788
9910
8007
4059
7665
3009
3179
3335
2389
5714
6972
1900
3905
9395
1476
0851
9973
9516
9472
8793
3437
0007
1661
3966
6058
1657
7367
9407
2221
6682
7600
7013
7703
1599
3137
7277
7207
5782
8657
8816
9384
2835
9046
2743
2487
9639
8229
0186
7179
3310
4294
3319
0586
0291
7283
4334
9019
3000
4672
1142
0461
2933
1716
0518
2389
2058
7438
8317
3420
0322
6675
9310
3858
5133
6147
7733
8837
2002
6808
1482
5883
3916
9232
8980
8246
9259
7341
9090
8286
6145
7205
5105
8837
4111
9848
4410
9989
1949
0954
2041
9204
8453
6710
5579
4183
5095
3280
9056
7876
3368
8347
6914
0137
1146
5563
8335
8521
0947
8864
7865
4491
5057
4611
1218
1732
8924
6907
6855
1226
1361
0274
7126
4726
8210
4546
0943
1955
4230
3456
0360
6028
6078
7556
1652
8539
3858
2228
7156
3165
1388
8766
8372
4822
6550
8746
2540
6405
5068
7685
7222
5681
8746
5655
0256
0659
3495
0165
6626
2477
7872
4229
9881
7584
8288
9729
0523
6481
6178
2961
1355
0547
3437
9768
0544
7499
2063
0260
8504
3949
0256
3402
2428
3267
4243
1821
0526
6714
6867
3247
9996
3055
0629
9784
1521
3011
9120
4306
2641
4832
9395
3325
5939
9627
4481
5256
2219
3573
2968
1000
3120
0184
4498
2427
4430
5075
3694
2672
9706
3038
8128
7080
3962
9739
6312
7292
8495
9950
3002
6593
2630
2081
2881
2146
9193
0362
1363
5010
4617
4914
6404
1435
0874
9851
1720
2889
7580
8633
0799
3336
0575
1710
9089
8330
1890
1601
4132
4231
9981
1710
8483
9582
0814
6901
7128
2563
4912
7431
1530
7733
2971
8069
8427
4134
9867
7528
2667
4880
3448
5875
7531
1367
9226
5091
9496
0304
1192
7731
6701
0873
8181
6129
5461
5877
6326
2064
8308
7990
8801
6442
1015
7155
0659
6241
6679
0722
6673
3697
9437
3525
3125
6099
5362
1188
2150
3536
8381
0352
6881
8707
3367
2122
1881
2956
5055
8354
0493
1789
3665
2234
6059
8067
9329
3119
3812
4844
3408
2355
8494
9939
6338
0850
9480
3617
3517
5226
6585
0996
8431
5720
7143
1632
7785
5620
2231
5495
3702
7306
7531
3263
8036
2366
9950
6700
8500
6044
8254
3463
8984
6509
9327
0503
2598
5386
2472
2607
1344
2567
5444
4386
1480
4765
2017
7552
2093
9261
4851
1550
5470
4584
2341
7910
2264
6045
6185
2443
6194
6304
7339
8248
7994
8929
6549
4549
3019
1552
3448
6789
6034
1468
3892
5591
8678
9696
4109
9399
5850
8430
0591
5413
6871
8620
4254
0976
0868
2794
5090
6253
1333
8842
7936
8883
5412
4187
6910
4938
6421
6979
8526
7750
3703
9295
5399
3079
5946
3326
5009
3976
6578
0169
6616
4486
1288
5183
8106
5961
6471
3227
5197
5278
9979
0630
3890
2061
9803
0931
8458
7660
7438
6143
3803
8541
2108
0646
7299
3301
0748
1668
8832
5479
0713
6303
8144
4554
3884
5763
1285
9987
0765
8219
1871
6424
5062
8049
4636
6462
4569
1052
8942
9645
2188
1496
3015
8003
3786
8075
6228
2245
2488
2866
9035
1446
0410
5409
5454
1151
2814
6153
3351
1486
2779
3088
5476
8937
9213
8214
5162
2370
9332
3909
9814
6242
5056
7123
9900
3128
7239
4830
1161
7500
4009
4174
2827
1733
6961
7771
2715
6218
0058
8906
1334
4180
3418
4907
8484
0694
1608
7539
7285
6715
7532
6227
5490
1949
3558
1751
0715
1908
8277
2803
6158
0183
8017
7000
5600
6993
5325
5139
0596
7634
9892
5967
1133
3016
5480
1356
5599
2384
4860
3218
7589
0542
0011
2475
2865
5736
3035
2136
2763
1174
7611
4245
5944
1143
0981
6404
8518
3366
2084
9797
1436
5864
3799
7967
0873
7928
9952
6701
1218
5808
1465
5258
6658
1347
0418
7056
2856
4545
9683
9587
4194
4306
1374
4709
9532
8671
5720
9101
8390
5546
6642
8326
0170
4944
1315
1769
4010
8907
7630
7065
8867
6849
9227
9866
0174
1595
1936
1695
3847
7656
3407
4882
3004
6403
3984
5371
5762
5698
1083
4892
6637
1655
2136
5425
3594
5886
1737
2009
1905
4461
7616
2216
8312
0163
6227
2832
0198
1939
5492
1309
9802
4015
1048
2646
7508
4470
0373
4357
9093
1919
8771
9755
4071
7291
9125
0202
8932
2635
0893
8415
4723
7651
4410
6430
5114
5775
6547
7099
9978
6333
1680
5223
1224
8490
9565
8423
2373
8828
4206
0594
8751
5525
0646
8903
3920
0340
6092
4766
3736
7313
0329
7110
4794
9093
9317
9257
6590
1471
3217
8322
5419
7596
5709
1206
9138
0245
7164
4288
0894
8487
8230
1508
1717
8589
5256
6866
7418
3695
0480
6249
7840
8808
1143
5630
1365
9253
2210
2463
7512
0787
1252
4153
4759
9914
4808
8704
9850
8299
8580
5204
4245
1722
5673
3325
2701
1380
7781
5081
7711
5365
4989
2616
9176
8878
6073
2394
7132
8426
9673
8138
4917
2808
3332
5354
4685
7399
8975
2759
9331
2877
8076
3483
9775
3982
0146
4528
7447
9776
9588
1402
3942
5573
0568
2050
8315
7301
2928
0898
9339
8419
6126
9030
3516
9602
7543
8936
2224
2824
9607
5193
9000
6550
1258
9482
3009
3623
5997
3911
0160
8967
2567
9832
9075
4469
4906
7598
3388
7994
8829
1693
5949
2499
5312
2784
4277
3108
8956
4943
9845
5972
3736
9509
8124
0186
8029
5873
2725
1162
4834
3987
7801
2405
9835
4880
7328
5008
4941
7398
1170
9277
0655
3567
2486
2152
1036
0733
5037
0507
7745
2698
3888
7035
5891
5376
7107
1785
8131
0568
9654
2398
0181
4894
4678
8041
0187
1039
0848
3914
8993
6964
5446
4649
0006
0859
9813
0337
9676
1434
1103
8585
8636
9515
6933
9944
2928
4913
8316
1140
3631
5962
8235
3687
8230
0884
3847
6927
2001
8478
1488
1951
1723
7396
5250
5869
2039
2393
5095
8712
6403
1577
7819
9808
9931
9432
8331
8924
6630
4312
1449
3286
9988
1288
8055
4626
8317
1075
0960
2953
2195
0356
3280
9263
7029
9330
2935
6300
3602
0224
8074
8439
5734
6323
4251
1514
4241
0930
0594
4456
5544
3897
9492
2533
8124
1460
8587
5310
6587
1983
2266
0302
8274
4808
0327
2176
8604
3792
8482
5798
7041
6174
0600
4574
5308
4903
8283
0922
8073
9245
0863
8352
5322
1784
3786
9304
9215
4974
4016
1894
4729
6828
4976
3607
8231
1249
5412
2066
9894
9230
5402
4786
3944
6882
2595
1064
3701
8982
6459
0130
0024
1479
7666
9474
8952
7680
0438
4585
2807
1250
4989
9025
3032
3692
4535
3568
1242
3156
1033
4571
4914
3713
8223
6026
6187
8694
7398
5998
6769
3809
2521
8253
6298
4967
7991
0223
9342
2271
1221
3665
1490
9738
9379
2891
1974
0550
7955
4631
2819
5314
8650
3899
1202
6989
9350
5224
8111
6141
5304
6077
0418
4301
8638
4506
6024
8140
1920
4378
5305
6590
4681
9442
4867
6767
9415
3248
1103
8063
9078
5858
7638
3475
2473
6337
4087
8642
2144
3442
5025
7200
7951
6299
0065
2943
0820
5062
0668
0621
6687
8638
7253
9955
7978
5396
6778
8926
5973
8495
4584
5198
0815
0828
3581
0686
3858
7741
3923
4912
8152
8682
5531
1643
8518
1692
2016
8229
8502
2429
4022
1610
6056
4291
1005
3288
9945
8482
4522
0676
3818
8959
5895
0708
5023
3636
6416
9420
1351
2493
5573
4329
9168
4883
7114
7417
8855
3455
2679
9113
6774
6207
8578
3690
6052
2500
7979
2179
8202
8338
2449
3682
5270
6553
6054
8616
0721
3309
4308
4538
1152
0310
5525
0637
8150
6043
1952
5116
0156
3205
6788
4653
9014
2113
6580
7992
1507
0891
7187
1095
2151
3413
8102
9625
6910
9833
7078
2412
9089
3350
9227
9998
7489
3287
1028
4806
8993
0081
9925
3560
0753
3270
3480
5634
7170
9816
3553
9475
4446
7567
9949
7322
6331
2022
1936
0606
5370
1427
3461
7860
8020
1561
5743
3273
2960
5995
4134
6288
7859
2270
1523
7076
7327
3875
5355
5863
5389
4321
7747
6653
7830
7489
9446
7852
5249
0105
7941
5022
6640
7904
3162
7477
3269
5317
8113
8146
4073
3552
3072
0992
8771
3068
8114
0435
3716
3627
0738
3565
3406
6308
9913
9785
9349
5527
1575
0855
8092
1839
2390
8003
3552
3089
5322
5029
6475
8107
5525
9024
6868
1402
0609
3796
1086
2614
1459
8685
6893
1287
8314
8602
1365
2687
3384
8270
9133
0572
1931
1447
3049
9337
4601
2323
2904
5551
9590
2857
3454
8630
9211
9427
2160
8199
1692
1700
7222
5616
8614
5483
2236
8769
5582
8031
4402
2602
1486
5776
7808
1835
5840
3186
2956
9161
2459
3021
1749
9680
2040
2010
3078
1670
9644
3558
7061
3334
3576
9773
7736
7430
8144
0893
5967
1676
9840
6381
1308
8858
9576
0088
7223
2302
3602
8728
5106
5278
3155
5587
9987
1825
1682
9997
4129
3515
6955
4470
3110
6789
2102
4726
7235
1855
0663
2101
8194
2631
4982
6040
1781
1133
3153
0599
3369
1974
9502
4555
1212
2262
0397
2799
8320
7003
8733
9745
1913
0953
2176
6058
5013
9595
1809
3858
9080
5324
3306
4369
9938
7109
6160
3683
8603
4879
1986
5605
0564
2716
4255
6888
7243
1647
0074
2103
2326
8764
7144
5092
3929
6302
7979
0159
4485
9390
8236
1422
4093
7047
9115
4365
4006
3044
0395
9471
7906
2099
1784
5673
7468
7008
9746
7412
6055
4461
5482
6245
6952
6100
3605
7794
4034
5655
8464
1763
7702
7677
0887
3644
2928
6767
7025
9526
1391
5241
6552
5336
3439
5578
8888
8397
3890
5096
7551
1045
2717
7131
0251
0694
8684
7547
0702
2671
3355
0553
9043
4497
3117
0883
5180
0006
4287
8892
6089
8129
1005
6713
8345
1768
5320
7266
5318
2904
1852
0508
5170
3907
2483
8920
9274
8971
5082
3332
7635
7497
6016
6668
7845
1048
0450
3343
1804
5411
7244
2152
4463
3899
4023
9511
2232
2868
0140
7454
3944
2442
8458
5531
6075
1260
4555
6431
6078
0832
2774
0153
6435
5501
8880
6672
4732
8332
5311
0123
5598
3177
8657
5283
9631
9458
1535
2002
9277
6816
3078
3827
4461
8612
9066
3539
6263
9137
1610
1834
1853
3093
2478
2375
7354
4536
6805
5684
6124
0347
1221
4989
0776
4763
0824
9087
0787
2950
4984
3104
9470
6835
2622
7042
3915
8168
1735
3895
6741
1210
3005
9027
9801
4648
8580
5002
7691
0053
9781
3398
9167
1240
2406
0568
6803
2210
8715
3846
6077
6004
4800
9804
3000
0418
2107
2145
3214
2993
5164
9584
6531
1646
5034
0806
8335
8175
4443
5662
7784
6245
6282
2298
8648
0745
6382
9357
2306
5434
9371
3641
3397
6514
7167
2335
9568
3350
2519
4673
0080
4673
7113
8100
3363
2159
6284
4258
6116
2540
0233
2491
1618
5375
9516
3698
1762
7961
1772
7028
5079
4770
6331
8657
4317
4774
3241
2066
4343
4322
3435
4949
5997
3386
1273
9623
0935
6882
0332
2181
4392
9102
3873
7903
5558
9643
8266
2638
1406
5339
1400
7900
2297
4749
7620
3360
5292
6198
1482
9327
3898
3652
7010
1566
7438
2192
1212
4064
3566
6780
7861
1928
2966
0805
4294
0288
6696
9312
1165
3379
7373
7128
7082
0987
2369
8118
8768
5838
4954
0416
8144
0902
3532
5610
7028
3496
1567
9363
2322
3065
5572
4838
9638
9239
9863
6201
6373
3049
3354
6528
0228
1552
3685
4651
5375
3225
3312
0512
0089
1828
7825
6420
9978
8309
1819
8279
9947
8489
3535
7918
7874
0233
5274
3121
6039
1472
3462
0721
3950
7630
4735
9095
8931
7135
1162
0248
3125
6400
8939
7772
8642
6370
4926
4468
0069
0465
5350
9690
9322
8025
6101
4097
7188
3005
2743
5317
2933
8467
6334
7627
0381
3322
7285
2295
6245
7801
0774
5055
1284
8080
2944
4361
6260
2668
7395
8458
5277
3153
5743
2376
4192
2763
8774
6079
1526
5395
4069
4446
6115
0003
9244
5865
4638
2965
4106
6567
9285
8231
9990
0034
5337
6757
9262
9384
3434
3159
1153
8525
8541
8498
5517
8467
8451
3480
1536
2140
6933
6139
3672
8940
4759
4197
9546
0327
6232
5759
1105
0573
5480
1999
1741
6596
8298
3957
8879
9136
4928
6592
9767
4868
0721
1079
1875
1817
5269
6656
9605
3845
0267
3350
2126
6326
4836
6774
2500
4684
3725
3087
8509
3308
7086
7518
7471
1263
1941
2786
5132
1911
4111
5183
2705
2031
5592
4674
4207
9890
4035
0435
2751
5968
5689
9493
1867
3027
1969
9518
3600
3977
5354
8108
7138
2848
9025
3334
7724
7807
9926
9782
9743
6876
3107
4321
3292
4698
1321
3558
0230
1758
2576
0243
4749
1168
9726
9359
0661
3614
9848
9033
6418
2395
2217
8216
8674
2257
5187
4328
4733
8653
4402
4934
2589
5029
9195
5649
9945
8587
9020
1702
6535
2778
8691
0698
2692
5215
8997
0120
8957
5554
7539
9480
1691
9066
4369
2733
0466
9924
0330
5637
7244
4679
2751
7942
2637
7130
6869
7349
9767
1398
7827
3053
0502
7165
0483
8701
5664
6141
1161
9179
8504
3676
6617
4882
6491
7478
4440
3807
5560
8634
8540
3071
7779
8868
8316
8899
0036
7228
6758
2085
7469
2894
7039
9327
2270
9106
3186
3751
7082
4730
6409
9186
0502
7548
2368
9428
3300
3081
8211
4975
3573
6388
2712
2207
4647
4574
3898
1099
8919
5365
2499
2889
7506
8849
9376
8876
3976
6572
6648
3379
7430
3568
4863
7892
2788
1171
2585
8967
8474
7051
2201
1246
7186
0431
8979
1463
2024
6497
3074
2554
6265
3597
7698
1411
6394
2379
9961
1477
0120
7713
6489
0635
9339
6644
3344
2341
5823
9833
7993
7043
4035
6974
6959
3580
4867
4678
8018
5749
2679
7544
7499
6515
1918
6405
2889
5679
9076
8176
0605
5920
4751
9158
1574
5384
7813
3374
1216
2508
4629
4156
0946
8563
4505
0721
0583
4934
2214
3525
7177
7782
2919
4206
4272
2704
0642
8784
6024
1699
5764
7112
3153
9791
3759
2511
9516
5555
8945
5936
5599
8501
7095
7078
2224
9413
2888
6591
1589
1508
1723
7604
1245
9921
3513
0460
4617
0533
3918
6542
8245
4344
9229
3583
0210
5501
6250
7963
8870
2592
1077
5628
6933
7171
8192
2729
0364
5240
0458
3036
6725
3379
5529
4301
1669
2942
2402
3708
6766
4517
6809
6768
2728
0213
0666
4250
4692
9653
6119
3610
6193
0622
7972
2881
4005
8601
8755
6546
8112
6684
6747
9797
8360
9134
1792
1841
6683
7173
4863
6038
3331
8228
8239
7616
3876
7795
9652
5595
4285
9739
2416
9022
4739
3943
4267
4360
9734
1844
7927
5536
5463
5129
7004
0456
7539
9876
6253
7052
5582
5443
7090
6466
0999
5802
8050
8962
4441
6466
0506
9644
3970
2483
4480
5050
4041
8607
8901
6033
5914
7500
3332
6900
4877
1622
8765
6791
1480
1788
7336
7551
9866
7380
1857
1893
9810
4560
6126
0364
7908
5609
8697
6848
8677
3200
9877
6541
5098
0993
2058
5055
5959
1843
6643
0760
4000
8312
0731
1149
7973
9666
9207
3625
3260
8820
5760
3781
2885
2268
1451
6075
5771
2837
2486
5233
8930
4205
2763
2249
3893
8337
7042
5368
9011
2737
2210
1154
1422
3129
9829
3102
6076
1374
5110
1644
2475
5865
3679
9039
1682
5134
6593
3177
1751
6239
5779
3334
9254
7585
3218
2270
0683
1491
9886
6519
3690
5406
4611
3851
3141
1552
5514
3827
0712
8384
0126
9182
9183
8557
3944
7611
5760
8871
9545
7114
8161
2797
2813
8191
8318
6215
4568
6567
2733
2944
8851
8536
5850
7393
4694
8717
2256
3797
8848
7072
9854
6934
9938
7234
5215
8009
5352
3962
9598
7221
7005
6420
9858
8427
4379
0508
7233
6326
7913
6213
5900
5915
4936
4600
9795
3968
7142
3592
4545
1585
6208
1377
2602
8516
4614
3636
7235
2265
9277
0402
3339
4453
0445
6796
0869
0339
3299
2713
1551
3354
1124
2945
1338
7513
2355
2079
6656
8780
4379
3379
7684
0628
4801
5364
1142
3044
7566
4643
8918
8392
9995
9837
5822
6250
7296
6749
5510
8590
8709
6290
8079
7628
5921
4582
7816
0411
4574
9659
7988
2275
0498
4150
7448
6893
4335
8582
6270
4883
6592
4119
0829
9067
5232
8633
1898
7850
9369
9254
6520
5270
2358
4413
5311
7743
3021
8085
0234
0486
0422
5358
0943
2841
5066
5943
9198
7841
9105
1736
6082
8326
6706
5600
4259
6870
7062
4181
3953
2459
0772
9096
5355
8241
9092
6327
0480
7690
6564
2660
2429
1256
6353
0929
5726
5922
8494
4132
7409
1293
1465
4125
5526
6927
5489
1690
5219
8617
6596
1493
1607
6131
4520
8398
7784
5004
3298
3867
6676
0668
2380
0807
6573
9236
9154
5374
1948
9484
3332
9991
4474
0626
9398
2123
1537
6906
4720
5988
9721
8997
1478
3666
7426
1320
9928
9378
7043
2394
9271
7981
0121
3311
7700
9700
0979
2815
7114
9068
6980
6071
7564
9164
0829
3106
8500
2650
8003
9030
2924
6863
4026
0959
2096
9589
7193
5346
4557
3077
6045
2962
5478
5915
8818
8826
6731
5216
1842
4863
9991
7185
3209
1431
0739
4894
4671
0686
5496
0796
4445
2651
5078
6649
9179
7185
5730
7439
2521
9509
3741
9023
9632
7164
2635
0573
6047
1703
9644
6114
7295
2932
5655
6159
6710
8725
4028
2886
8897
4927
2154
2501
4473
1963
9587
8882
7016
6070
4681
1511
3981
6875
5889
3495
4550
4758
9839
4883
1263
5386
6445
6317
9860
6946
9679
9891
3212
8291
9772
4207
3308
2386
6166
1046
9043
7603
2203
3173
9544
2477
9556
5648
7324
1108
0424
9399
4719
8345
0750
8694
0876
7905
7101
5154
4735
6289
2320
5132
4723
2896
4652
9739
3781
4764
4044
1085
7458
6820
7044
4708
7661
0856
0772
4964
6761
8959
8501
1352
6365
3977
3420
6143
8643
7042
8648
6661
0782
2944
5508
5909
9505
3115
1409
4787
8561
4453
2893
3439
7382
4654
9819
2174
8377
9301
0820
0739
4203
3820
3649
6181
9661
1405
3288
6581
3131
1056
9861
0638
5157
7990
9170
8486
7121
6614
6846
3464
5515
1934
7765
0955
9925
2775
7592
6169
1710
2660
1244
6352
6933
2707
3800
9190
9674
5910
2863
7745
4695
8474
0436
5269
6965
4681
0138
9090
5283
8469
8643
7274
9615
6340
5543
6709
1421
5824
1787
8983
4774
3089
9935
7221
9153
6214
5053
4757
4620
1084
1317
8867
0595
7272
1663
2448
9620
8740
3515
1306
6960
6667
3677
6630
7483
5263
3105
8529
7183
8648
4448
3421
0077
2597
8090
5248
7403
5692
1765
2034
4464
3488
0026
3049
2240
0242
2570
8179
5303
9890
8761
1236
5924
8726
8632
5191
4961
6595
0687
2109
5980
6960
2703
6141
1625
0044
1674
8252
0546
6309
4434
8428
6685
4776
0904
5550
7742
1009
3270
3047
4902
6994
4749
1761
1886
7329
9995
4158
6884
0528
2915
7693
9433
5845
5913
8248
4814
1657
3163
8906
9729
8045
7571
8366
6579
7100
6854
3108
7982
5060
8095
1242
7671
4637
0329
3227
3631
4469
8371
6983
5936
5276
3013
5360
0385
0573
6273
8291
2789
9143
9959
9393
6104
8454
2840
9640
8862
8559
7298
9687
8843
6344
4665
7579
0730
5212
2619
8715
6939
3667
6465
4668
9298
5250
2521
1235
7293
6994
9363
4099
6207
3039
4583
1290
1184
9203
6170
0099
4207
1182
3224
4882
8073
5067
8336
9283
9199
2875
0676
7590
8834
2607
0425
6130
6812
6439
8915
0669
0879
8675
8758
1639
6252
8677
3429
3254
4360
8701
4328
5278
6670
3624
0195
8456
4050
6307
9227
9250
3194
2587
0731
3126
0453
5789
8053
4773
3105
8324
3740
8857
2351
6813
9503
3171
5086
8340
7752
4103
4840
3518
2226
2628
6955
3753
7735
1970
0137
1149
8755
2510
5073
1422
3544
0395
4381
6406
3947
2304
5689
2094
8905
0182
2734
0721
4527
3035
1897
4740
8193
2856
7983
7417
8825
9186
8375
0832
4064
5921
5714
3674
4096
6493
4499
7199
8451
3940
4725
4861
0958
2421
5456
7725
6638
7024
9191
0907
4722
5762
7667
3334
4050
3349
0472
8782
5513
7368
4590
2803
8962
0013
6692
5132
8801
1814
1820
1155
3777
9519
4807
8968
0344
6524
7480
4556
1915
9769
0029
0793
1278
5113
9865
8368
8822
4498
6724
3186
2969
7002
0974
8275
2648
6506
4222
4642
2556
6901
3531
1151
1614
1295
4413
7135
1048
8848
5732
7639
1135
0969
3763
8659
7632
0457
8635
0133
8312
1824
5117
1257
2689
4733
0267
3542
8593
7217
1799
4875
8718
3960
9263
9545
9830
6792
5440
5244
1598
5564
8606
3638
0340
7865
6146
7364
0754
1534
7927
1334
8141
2882
3630
5082
5008
6933
5381
3514
2487
4955
0790
4142
2075
2464
8953
9449
8158
2972
6541
5511
6552
1515
7002
2041
8010
6324
7216
0921
8604
1196
7655
8253
0844
4465
9082
9425
2396
2339
5936
1911
6047
0540
4113
8134
4468
2882
5856
0912
4723
1371
0592
2639
7202
8957
9601
9297
5698
5244
1736
2064
3581
1893
3212
2076
0523
6640
1467
0611
4564
3132
6270
7198
6845
2960
0074
0027
8121
3977
7517
6664
2968
8677
6626
6162
8802
8116
6491
1516
8000
0466
3677
2337
5449
0207
9313
1735
4853
2323
5683
7020
9381
8601
6226
8333
7030
8389
5048
1685
7674
0450
7661
4204
5395
8900
8101
5149
8309
9581
1030
8868
8638
7942
4326
6667
9783
0147
5271
3733
8596
0880
3527
0443
5322
4459
2613
9361
4725
9163
0509
4691
6699
1723
4252
4414
8984
8772
3928
3809
3995
9931
1735
0035
3652
5980
3931
4875
9604
8288
9136
9150
7520
2992
7756
4553
0439
6112
8707
7732
9295
2559
3234
9517
3685
3904
4667
9767
2555
2980
7414
8212
1185
1240
6818
3940
8361
5814
9093
9342
0723
8610
1123
5671
4053
3743
0067
8451
4106
7626
6582
9886
8266
2582
9781
5575
3481
7462
2619
9578
4916
8526
3801
9439
4977
3421
2501
8852
7243
5473
1740
6757
3294
5273
2693
7444
5531
4525
8738
2251
3753
4473
1351
1924
0524
2684
0340
6792
0247
2466
2022
1875
7452
0043
0251
9501
9120
9622
2033
9588
2957
0819
7404
0401
7365
9434
3016
8877
7323
0814
3463
0712
3152
9857
1204
9928
2498
0869
1917
8432
2297
7160
3331
3108
9155
0995
0217
7661
1294
9214
6823
9060
1424
4499
6216
3713
0410
2451
8579
7249
4215
0935
0321
5118
3169
4435
5820
5561
6980
7899
8042
8072
2058
6817
9052
8910
7051
9968
3105
3003
7539
2533
3121
9073
8434
9518
4954
2790
1991
4938
0703
4497
1938
0177
3149
3020
8526
4898
4864
8858
6027
0185
1178
9605
8531
7619
8243
8546
8193
5453
8798
8064
2558
7246
2143
6110
7089
0636
9522
8372
4148
4004
9763
6491
1481
3968
0052
4843
1410
7767
5283
1543
2005
9548
8022
6173
1761
9686
7928
9313
5910
3856
7248
6806
4072
2618
1109
1023
1752
2854
5431
7425
0677
8542
4703
1308
3228
1958
7510
6248
0952
6637
6350
5929
7989
5184
0487
5864
7851
3493
8463
0145
2908
0504
9265
2525
9560
1368
4110
1975
1621
1750
3652
4422
3246
6797
9317
2985
6093
6348
1403
9421
7402
2786
4791
2065
4761
0127
0257
0610
4513
9959
0433
6734
3945
0469
6571
5908
8338
3128
5197
4373
3042
9389
0568
7266
5466
7372
0192
7665
9484
5344
9730
8445
7412
1282
0655
9337
8415
3620
2437
9379
1498
2042
0993
0386
2410
8913
5548
5057
9764
7920
3598
4697
6000
0303
4902
5183
4488
6812
4505
1128
7552
6980
2663
2616
9031
0865
6227
4844
3343
4146
1737
6867
3199
3416
6396
4565
0380
3488
6799
3415
1833
0363
4641
3601
1604
6966
0358
8234
0497
7650
7197
6474
7274
0258
9406
2550
4304
5321
8231
8525
6533
5126
2421
6174
5452
1282
6724
0867
3247
9978
4970
4092
7264
1344
8407
6184
0388
2858
4532
8286
9383
6815
1795
0438
7342
1767
8368
1296
1454
2714
5012
8066
9161
4205
1257
5854
5182
3041
9758
5115
6512
5914
6936
4358
0966
5995
6376
6804
7318
7236
1340
3950
4112
7104
6898
3232
9539
7072
2888
8594
3102
2379
6457
7424
0422
5895
2379
5883
6711
2137
4704
6817
1784
9030
7368
0237
6340
4913
4214
6323
0162
3091
0637
7772
9567
6160
0445
8535
6299
7735
0353
9140
6180
5296
7952
9675
9891
3095
9343
8261
3531
4253
3524
0329
8838
9356
1191
1325
6084
9094
1397
8681
9376
5800
2451
8317
0962
1347
6846
8829
0077
0799
6447
5942
3879
4443
7846
9736
6503
2451
2581
2146
3437
0662
6329
4481
0993
3805
7523
1088
7937
8211
8620
1191
6395
0228
0707
0730
0480
4054
0764
3836
1598
6325
5068
8826
9959
2107
6732
5259
5177
1718
8169
9213
0975
7886
1851
4143
8908
5509
7351
4646
2146
2761
0386
0112
8552
0368
7115
3094
2027
4247
9105
1630
0881
4339
4719
1658
5136
1527
5889
6503
5160
3106
8304
6049
2986
3173
8410
3100
6869
3251
3025
9785
7447
1071
7849
7324
5207
3202
1275
8733
9178
6417
8251
3485
4252
6664
6816
0517
5951
5028
5095
7555
3715
9053
4336
6338
7080
9925
2493
0868
4729
8237
2073
6744
4129
8497
8622
0891
6986
5849
4223
0001
7756
2152
6863
9677
7902
7257
7095
4998
1100
5512
1699
5264
4449
0500
5208
7990
6146
1720
2718
4626
9355
0963
4224
1435
6592
0460
3995
2870
0886
9594
8020
0608
4570
3715
2464
9108
5428
4144
6741
9595
3176
5630
0081
3611
0578
6642
2028
3199
2375
4326
6408
0335
9337
7245
8102
8780
1886
4761
1171
3124
0486
7830
5352
4754
7530
8730
2085
3311
7795
9915
6450
2536
4783
6012
7816
3478
1867
9225
0247
8189
1113
5590
5094
5545
0093
5756
7642
9281
8411
0408
3906
7931
3069
3959
1756
4312
8144
8966
9993
5082
3765
0395
5643
4296
9659
3434
7558
8050
1668
7841
5453
8148
0971
1260
1047
3745
5100
7190
9169
7602
7947
4850
2614
8984
5619
4792
5272
0369
7809
2868
0948
7407
5996
8655
3033
8491
5558
7679
2121
4611
2047
4550
6100
5294
6445
7884
3210
7867
6906
8198
9739
2159
6307
3680
4188
1397
2328
2820
0571
9314
5625
8037
7334
4171
5290
3087
8815
5093
7358
4565
1895
0416
8251
5533
8117
0588
0002
6771
7679
5793
7132
1162
9052
9949
3785
5858
2444
1316
3682
0032
8564
4398
5364
2721
3576
4001
2547
4667
3545
4007
2454
8643
4473
5588
2059
9401
5698
5336
6381
0888
5308
5910
1734
5644
8336
8020
0142
6258
4909
7583
3411
3449
9386
0590
0614
6258
1957
0678
5346
7801
2382
7213
5829
8626
9533
4226
9711
0841
7689
0988
6890
9972
7545
8801
9075
4300
0223
4336
9685
5216
7661
3548
7966
0658
9659
7269
4049
5879
6177
0945
4681
0198
0656
4295
1167
6093
2184
9779
3753
5842
0910
4118
9935
0452
5922
7287
6419
0609
6253
8400
0265
0993
4352
2699
1626
5520
9029
1999
4453
6160
9637
4314
3890
0920
4000
6431
0126
4211
7333
4063
3899
2947
8496
6339
1781
9832
5054
1259
0976
9765
7395
0356
0084
5948
4062
2335
3144
3613