758671
400212
698319
193676
022589
660481
755197
200055
455099
923716
610212
238167
174851
312943
230191
604090
782619
887415
681593
440965
622929
241035
005448
295765
893326
786653
270220
565781
099716
460820
844429
662716
571369
583389
666893
351657
220953
388041
525425
869048
892133
691016
415900
343616
374042
589773
683387
142951
539822
528814
599765
775523
431402
626131
058757
495917
357247
710126
340392
319378
062688
141897
885194
284836
538771
899070
385922
062098
002731
254946
816726
335577
438789
482056
049988
558192
555197
689694
596568
504009
593688
959237
498903
764653
954439
038405
499438
021637
214891
876033
067086
754932
599798
704583
347447
087736
802814
082672
972734
989645
307474
956308
336440
860631
330497
876333
563674
385822
553251
833572
101370
658275
879523
201868
599088
355190
381582
648770
865400
173190
831449
278365
705149
866025
239448
046133
772032
579673
878912
386307
969941
139135
900848
093975
837196
027894
809465
201552
456944
712849
091296
327667
038986
427325
400597
830888
336139
582785
417717
603483
745658
599421
651370
032973
875919
951906
550872
144417
627171
372562
398412
064269
433140
652918
182937
385540
489130
360516
355294
196460
050604
639667
251887
636562
358538
590515
587831
852650
766194
598678
346712
289757
165554
979039
077535
001582
641144
205875
126375
469382
197813
341236
641150
295728
578311
131674
393289
072405
179039
575257
013349
090604
935274
660046
136623
103675
976360
535462
805780
112354
235926
782460
534154
237882
896568
331852
095555
058448
547657
390229
928628
821054
760161
758431
843433
100590
224042
837857
696510
515563
868436
934719
381566
935776
814911
492983
533901
078623
508526
369553
208952
241847
891007
037736
735488
997829
933816
928071
355951
924073
801805
890996
906582
136471
250715
954284
313692
227025
001735
473696
221844
987392
241456
046238
337745
637765
903776
747479
756142
758915
929313
629524
520720
485608
646663
002261
574004
797414
039219
517642
678431
256727
197323
997627
444911
165437
124399
893724
500334
012365
681486
024170
366181
514093
631933
442758
461548
091906
583061
647909
317743
519350
431553
237574
722488
941733
001736
610690
483387
013676
198270
708553
667037
374274
828497
058708
078597
393075
506704
272768
465063
921933
394536
799690
134667
799142
211144
812867
547901
321510
706925
390728
994279
582401
549596
269564
446519
765643
108306
321907
510029
785319
751506
818140
977210
703752
412974
617651
184547
272904
745416
491093
332670
764694
279127
542535
905328
822305
688779
444288
433065
389954
863187
078141
941817
619620
521014
965299
801863
866595
543516
311530
906679
893047
058555
422231
916850
191356
790117
402094
743753
383085
692172
433407
075720
369763
464638
210454
696077
765778
735617
045410
816358
005985
447531
851282
316134
092410
364340
234369
135058
314959
331429
755567
621301
098966
321339
023104
531568
825245
934916
082384
468288
711361
552525
553766
523905
178757
227788
289933
022785
499261
663676
786271
449514
462215
780526
968409
833585
953100
116090
715958
935987
199832
397334
590857
995444
933866
774014
466577
580293
232004
394843
178390
801595
720767
476276
361527
876614
363985
814579
763915
077668
387583
630348
804808
415864
654604
152592
733616
932969
794113
624327
083365
169000
137014
363795
201244
836417
954298
400186
458749
193983
330979
128596
054501
021922
287406
931635
141372
739335
167479
905507
845206
617077
551637
379124
322314
749966
371806
582331
443106
073665
001824
311152
942145
596816
002875
577439
539249
227705
501802
520240
589572
137372
254016
105987
359765
988774
603030
120740
916071
476234
009494
483071
580516
194923
833514
260321
615892
589554
978811
699701
129258
002332
678092
804981
314740
424028
625249
198161
402107
961635
097061
421411
045493
397161
408541
381548
125013
858346
621250
874735
278650
392065
619485
645488
475774
921343
723207
663617
164378
265532
829209
475236
734745
563861
150800
863435
243820
605221
188512
712681
172044
339302
131647
467727
592644
301223
405072
428577
470803
365855
262197
240513
715154
072238
978271
000359
838324
089447
440529
886782
409193
019183
988575
055389
952761
722470
790888
518544
787292
967555
460031
057107
669357
627505
931031
781693
521971
471425
561080
128646
662748
572274
706779
878568
152398
383195
520100
889081
485788
896242
201010
923786
935601
399169
174260
048869
356900
788383
717408
303272
640882
742172
698072
139979
563799
839753
244749
436858
329401
221053
001624
892165
348255
366267
183392
528338
442278
442245
085573
505855
520749
588963
104580
225948
645624
792455
196287
839612
763733
923091
461654
248917
064133
248105
509630
991362
276173
456686
798826
609500
751235
077537
687314
205578
578398
240403
517744
421984
462069
755227
576074
118825
775099
509634
690056
167814
784184
695636
136050
650102
754929
418696
242811
798541
432763
381691
778099
280049
363973
996330
805771
816917
441786
568190
779907
973834
060153
476422
138453
763686
008369
479441
215842
984620
365873
329305
530726
355291
919521
504802
409110
543444
395749
506714
627474
198609
962139
840499
067404
263888
290492
947436
245263
042817
345167
579732
367058
434837
318408
375674
963646
136695
935220
588040
854973
564620
575834
435367
064376
603563
481235
331432
141146
545895
482409
356875
245855
586946
077187
533460
519147
980749
193470
126807
492942
890702
969524
883864
484163
920144
064116
242691
795130
496146
008384
456499
562863
253032
775142
348776
218299
310209
105389
624548
810239
231786
806052
051838
498175
873406
362606
425080
403746
182051
759187
372619
240216
845356
345350
181130
624875
624743
143386
261486
461131
559802
703427
379970
072593
192089
132312
536624
153309
568279
601436
390366
010606
890239
777777
698878
423939
431241
816927
760638
484984
631345
199308
413148
296292
627362
237930
664906
437389
852762
032934
347489
481677
712795
029775
267334
883809
697910
322302
130307
730685
189391
934849
956310
298794
332211
571671
932776
681367
998567
870660
134011
334112
441964
856915
431828
254438
304872
059782
491855
159131
476583
274640
111762
701693
474978
515493
572424
058317
853151
269844
198313
319566
875811
298507
205454
784062
098151
500469
492064
644953
753997
853341
924798
007799
219459
088338
587545
328346
437013
848863
358048
672708
998506
336857
338217
147540
189096
744195
611509
795535
922259
745059
930482
760929
002336
861137
553480
165551
486416
428163
095636
145644
966362
932943
041716
100142
478965
441931
360602
387167
433008
850510
228725
357462
431591
001507
311965
301125
354368
066931
665122
067005
414850
479613
014424
371769
269890
500700
201413
567037
559951
834303
028984
136378
107727
397408
206682
977608
996871
731986
921366
971676
307120
791958
027866
387304
467003
219042
207139
787976
861435
972513
053063
608072
896268
221979
791144
317800
827926
582148
285938
559395
302146
535388
202851
320988
773281
266459
502626
550723
839189
262427
137422
974498
216221
491338
726476
428209
821567
731265
864324
331788
828919
655001
731186
200293
659137
977524
841204
825303
430693
776664
621992
472430
935505
081463
992329
729771
651746
953119
194328
215906
551505
939913
864694
486776
587866
010992
099613
353728
602928
465440
377874
779010
047707
303848
567209
716927
874756
267532
770095
086789
032590
451984
468879
915132
734944
651169
562587
263434
231083
560765
906318
079347
550415
274458
911616
696406
306049
605712
668506
379931
087476
477506
398219
795108
308147
697333
141376
100476
039831
168299
642557
427635
498168
250594
035192
001563
605157
162851
709863
157351
813606
168611
274853
228148
647057
823934
261720
824016
942590
788322
589605
974749
366961
021104
609555
915898
258460
938032
875752
962656
739105
629147
977183
919090
457099
481725
114772
876551
498934
334903
458562
527907
015667
993600
006404
627388
104695
206511
506536
253388
725734
882490
729934
687217
261637
753017
982637
272175
814839
591827
566988
721527
212733
463709
452849
366307
430170
776929
577850
257190
860317
684504
762739
472993
865190
978626
662384
829455
616085
173733
051816
359229
649503
638655
991980
091013
296902
556106
412615
004805
159244
332063
560858
196221
836186
107524
720679
994279
649261
298531
932872
055840
803944
341049
418400
854244
741322
674137
009854
899723
339052
051115
822923
459048
303096
253068
863219
171233
394153
720587
787031
374865
565139
220102
499570
867118
660301
979719
827809
999635
597528
819969
347821
887890
014131
768261
715553
524179
356511
157420
333082
733441
124029
586588
520791
539404
826598
585037
602209
355277
561473
344115
149834
760822
353550
195144
132576
731301
020912
696848
570612
708422
021472
399433
317150
618982
250612
183569
222483
064338
185035
637551
101092
740655
890139
103806
136312
321597
511602
985636
735906
333712
971580
148973
603262
832950
042027
538607
681448
054850
724373
175462
952414
549172
862170
294543
882809
875812
005760
259566
695004
912825
075319
609559
473259
276505
849078
100250
370408
998596
758020
944534
800726
475780
890861
695030
352828
525084
255241
247742
562441
352369
267965
635303
762964
336290
879722
472794
757043
585008
523814
034419
153612
899882
343510
183722
645627
000314
408780
936540
334536
089209
079681
636874
682736
378665
403648
198055
567481
842277
154185
753976
162713
248629
454932
507124
421766
617414
251885
802616
443295
339305
548062
014369
190116
324087
298270
647031
550007
502664
434511
429371
420355
143871
689440
328827
422149
362368
213028
676635
553769
068061
517800
400112
921717
680901
970383
753264
647046
708918
099070
810970
850273
808545
170769
685107
847887
325893
457600
951928
481789
994756
233015
892597
471171
044221
292860
117784
473573
563666
344570
077711
814067
437359
948647
802663
163628
173414
903070
078352
410741
644208
272216
145228
333300
031940
026209
869137
207858
185468
721376
735168
066485
990364
602570
491281
354011
954070
210006
039560
494344
439753
754249
761862
823208
759281
729904
289527
477023
593614
618704
410621
138849
755255
480329
802034
316215
820563
264611
683921
332763
699033
847305
233715
205907
716528
510401
235134
063073
028584
101566
780527
096872
793180
731895
704674
570421
200017
591697
094297
482620
215065
172164
760874
220813
085117
617822
146245
886421
429039
048522
899150
999546
581716
515635
801617
572962
159328
738389
070311
110574
827444
396790
199630
116252
754598
486764
747394
069721
747171
827205
965181
427284
779913
279406
399914
953892
526168
470105
242552
384560
020006
563854
842845
658777
959819
710985
810009
141723
195743
196651
841135
659550
295630
735080
747428
058298
279735
766016
706595
284156
888242
860977
735865
985335
753681
039032
839664
330548
542764
583831
171442
508061
335710
280582
922932
387541
519996
727588
776261
958779
401420
195465
890911
209777
211274
669733
393931
033682
981087
276994
553553
139726
854775
001446
965490
686001
779570
995204
275706
220163
096714
316498
172974
220946
893739
837381
470225
948684
071795
997847
562825
426474
825028
394642
136079
456596
182628
698197
054162
125935
792463
926096
625959
245487
600159
190372
761990
375239
215013
052301
182828
952019
879571
409544
622079
705188
757499
054792
258490
551627
086070
870891
725175
709167
724574
083477
436261
396709
630907
362306
902160
392186
182837
170492
462240
354143
944854
279956
073443
765987
667862
749684
967042
016237
711549
149758
709904
058945
138257
520578
215080
144439
771525
580773
337312
502975
695395
713593
540793
095243
366147
290333
686094
605220
420665
976795
952730
004310
432778
468887
043404
578654
902597
992872
061486
819132
263361
440002
596190
316226
169046
570633
768462
299253
163262
261186
346284
882085
636497
742763
446404
018306
507606
212769
220691
856865
518415
741829
516961
491912
097410
668594
683047
683847
306287
485829
203415
241283
051888
414175
867226
867066
959213
174625
672416
984755
998862
735996
269908
942314
443570
588529
704493
958683
427011
069785
977643
698587
572852
695727
246908
915404
208413
145693
070557
940694
956329
506334
861066
159724
588133
625701
624462
630881
500324
230062
674096
899643
284323
517214
445583
076971
892726
301481
301371
714981
005928
828018
496173
505267
467894
468739
300742
219427
431336
923116
376883
954358
961391
241638
887415
642085
413238
501837
349749
976204
549005
194668
330805
111911
998856
300044
487560
744933
609809
206097
141996
838107
901699
635015
351637
247465
608413
507718
074535
822692
136261
649676
548024
804764
466568
788604
411821
047605
950919
324056
026884
698371
755490
575207
652047
453464
658838
155854
466083
413880
195518
979165
899992
658701
942725
110844
862075
746781
699136
366527
669204
672250
753423
815669
315733
040485
759078
884448
411676
795171
558990
744834
923964
191202
906143
170591
287763
849117
285894
724603
179451
556093
209966
745866
868160
086818
996009
780632
786198
548062
245898
823377
709243
083945
248208
452333
516873
956429
556122
565679
742192
403117
966197
833328
523744
316492
278598
148471
279326
001100
033030
671456
775676
829678
632500
354848
507300
775946
773963
734675
041973
330364
551584
733378
023761
529811
702599
019234
098337
834312
088645
300354
780130
651904
014573
744763
485569
703808
486671
872284
765688
646273
077750
779234
289794
885302
283795
891313
881651
458056
794634
997777
924648
410278
100212
660734
489197
485614
733703
947487
840459
874020
436348
974769
412520
549298
340491
379266
492332
962655
421932
904202
655996
695416
098236
300951
635186
128429
746419
693807
012518
753950
740829
455678
519896
231620
913189
877408
560323
515045
093791
267770
324572
919658
602031
357744
502914
877283
543133
087452
586066
218624
556343
205977
527523
475490
380737
764474
872526
609255
734729
120371
677422
469617
002877
653681
610808
036532
280681
627918
014381
768658
508913
159666
748585
072152
677444
612375
054948
048711
683506
925396
369962
853097
732953
636075
960274
773350
309662
609550
865644
576533
803409
920872
757653
461092
546651
866762
944718
972534
518532
890495
241142
429419
985849
038875
356956
457283
144877
357598
342689
024550
391604
759851
496756
797707
397140
000627
528509
677097
042767
829032
633824
205221
733995
354847
145064
553458
026367
641239
347143
141285
494348
831448
003609
443244
026107
466505
619820
010598
096403
630282
736509
071267
705821
350775
965710
639754
830137
744072
079945
860648
394779
015739
900013
335267
738016
778214
623527
782930
837506
471395
203514
592682
613438
345705
106577
305894
270715
282041
241644
812604
898424
476616
727625
592270
077807
200676
062116
409910
780613
659722
340452
246705
281430
670386
401149
654214
417791
071209
636929
781852
148279
993707
189151
096155
867103
712236
979886
280861
864544
331366
268791
130333
776315
648512
969039
622043
792417
437536
903132
227651
388892
918366
467042
951772
166188
987539
366436
856935
171871
355490
452304
610593
058718
762101
149696
869798
087644
728857
959306
368018
750567
919887
063503
738943
216834
277703
659263
458488
910809
573289
892864
847346
105986
754309
393201
648129
073128
721724
025362
466364
653558
585840
632609
177729
780896
121831
330543
825215
430009
204643
055609
252471
371230
519459
819031
882045
650396
105678
574004
898942
182540
998569
689800
045538
805681
507094
654562
617780
070080
903737
708790
102592
867116
163106
062966
532239
416529
042669
957156
235770
531638
868077
526176
061687
640826
055024
759387
021247
982519
860520
299952
224367
179739
328971
449935
145220
284737
341350
120353
993714
704034
836851
474885
892822
412416
045417
934885
408123
485098
116929
809497
803354
060028
014837
393345
031826
909957
334789
678700
425990
235302
804192
493983
849953
846062
703204
864921
028570
322251
855601
863655
279420
043527
459927
424678
833682
314158
048829
603236
433528
227972
732463
502780
766915
894875
462613
358990
776751
254733
233570
555244
765376
675056
878992
752898
702379
016628
543220
318682
045942
688044
261899
633480
235587
357684
482493
029510
733434
630414
661922
828916
348436
893447
259686
848249
572064
054011
796372
009747
659628
040993
516768
001890
344825
221336
199270
659229
897811
974096
353428
993367
945857
894922
542994
427638
015925
136986
770591
937775
981249
414157
263585
242092
478577
432660
486203
651117
271210
449950
209083
932198
828650
230297
752408
576468
730210
962030
190529
654917
055581
548031
945236
855765
363815
302613
620471
451677
276397
494723
433236
840483
779540
646265
656058
622933
421192
105646
300828
949009
087020
477629
498935
466464
878936
871541
979134
931725
114057
216683
652540
052182
731504
995282
388503
123391
419655
723868
113830
132392
346278
887261
488882
999371
218084
167824
098708
861984
962718
081372
546334
100602
511512
648010
452552
196782
560267
425239
319582
162885
053433
915984
111402
702931
396640
373410
408053
782761
288832
123659
992501
259623
205357
650079
008688
279780
662368
760881
569593
838160
514429
380704
048973
478247
482614
992192
293724
394828
016596
481536
026923
340645
763384
051315
187240
430692
911177
720815
863810
200025
882803
315718
288636
059937
435617
070719
743100
268749
950125
892139
927613
682986
979739
423391
256610
258973
782345
091312
377930
133274
933759
945226
861043
065624
490948
302427
753053
364304
992441
169710
669916
622762
304111
392534
757614
514644
528414
918411
900131
655352
781184
201942
687678
153288
668202
164186
340175
677647
253012
485629
949047
686407
248454
230861
628127
262355
032057
694175
327090
706780
579076
458041
127045
276299
424852
917355
968202
191794
328696
815326
525286
902650
954122
288820
748915
018506
027103
575168
285328
196421
191611
034127
403636
153682
500184
069777
687154
788472
889618
232492
330722
041815
717413
903313
519811
105803
855127
298993
705372
222859
677213
103318
671755
152562
558181
638215
933992
815274
859751
590910
173433
926078
456119
240524
721828
066542
774654
523178
209346
690909
176111
997271
419013
985566
255908
064984
808378
726717
906393
368931
522153
518633
333737
411542
622086
562542
900992
054532
748397
923862
089738
142112
782411
152869
942646
148291
529729
878239
117222
109702
694583
913547
312874
261581
080323
229615
112455
343126
189069
773326
813828
769258
505836
552469
792149
988757
235229
733580
840633
580758
075584
653912
955505
341209
399052
087681
672421
663517
654928
061382
057381
532537
506253
787100
223010
525243
749435
748591
320533
726795
999550
510048
200511
958357
403710
725117
158184
640211
017783
361651
813468
392131
017981
493313
612804
479158
502182
465078
292298
343664
875950
354715
256146
356592
881961
108836
313058
255002
417768
810813
043983
666983
754851
281860
136274
963740
752113
147978
078883
206654
347596
091313
844897
222935
862052
816273
370351
431056
031147
639001
583145
419785
765961
886406
929260
842113
081332
385154
800890
212272
819353
082592
695407
650041
998471
750304
963773
863045
893299
269462
809485
832316
992333
122724
063622
451915
428851
212552
001649
361437
453555
643037
043780
354040
710502
376399
238435
225052
142724
885645
365805
112404
398380
063136
364637
048514
617941
835055
608142
574705
506912
572110
206450
852250
913539
983763
728835
857219
337661
158775
706248
868775
557842
369982
486926
857614
174349
978639
148723
558255
381141
735630
052098
946264
669074
195506
332215
853053
690227
341624
092560
931137
656091
122893
993742
041772
005469
029983
101769
141814
450988
857609
798182
221247
601212
145534
104369
406808
645528
499714
807199
902442
137423
521550
499974
295307
116520
856424
337070
650527
364857
579916
864722
646312
831027
618267
672519
444361
451588
983516
673996
077567
520557
682255
366739
362824
841640
301632
537529
250992
806321
973077
102922
001028
577493
058176
351586
922543
025636
819813
288652
902450
712545
556620
386182
600734
299955
090967
979000
047419
114545
374559
559055
210935
916798
850712
238736
507897
140425
200437
372675
654131
541642
401101
303771
216157
760869
931624
927902
476139
605250
567690
168806
184637
880688
787798
388560
040374
650244
165262
767137
686226
323629
030268
339323
408029
344155
484878
648354
428296
011765
430955
553411
728014
856545
141169
917158
365697
671890
057261
556426
605732
937177
923864
464491
268784
117937
725143
104769
023452
671672
999513
616940
695023
950379
771585
075170
857118
487527
861315
020166
387787
763235
446950
514982
361473
013142
921509
255859
576498
633258
575867
302176
740613
562006
573864
225589
946728
342302
111711
847600
281066
531094
039782
070458
838370
641678
162937
554350
051849
378312
947157
727285
795074
604404
482450
904518
466792
490923
418749
468011
322753
860469
410894
459331
065197
442983
144652
776838
010947
130948
111232
104358
322765
390673
776826
126525
057352
822129
063503
242110
125592
049505
081724
442308
516129
690537
901110
876056
700130
370811
334234
497350
625423
771810
237427
792849
462427
678652
920084
514639
679825
538406
436134
283432
935560
871438
330753
944654
569972
712340
315087
887380
762762
488772
806829
766077
536329
101373
810192
856637
190847
934833
822125
902608
669519
847457
466301
155839
853818
004471
593464
620977
319408
043411
841073
969443
907724
517417
901317
952857
052270
995813
717660
648929
562384
396537
960893
996586
027304
040016
947127
991772
782866
116568
622388
446700
016124
915897
818825
556775
380735
836095
263103
397352
000056
319530
011061
755140
172125
400922
595821
442506
673604
011810
284166
868994
945397
910929
897750
361635
045469
575903
956097
230630
770422
116284
848707
365239
921312
181323
527145
953796
318650
849456
398120
626244
713755
078252
170210
683142
219129
281517
152271
846203
011807
992811
966193
064829
240185
479305
763582
292659
370589
887486
601350
787259
784092
545773
312632
627790
459350
844439
780742
188916
190028
746650
246036
624744
634336
793742
566547
023983
003869
722384
120507
865299
159957
573311
434671
245933
739762
025549
712181
733063
601270
263072
729522
510868
269031
374607
291434
816348
505676
186873
495296
452579
762835
122194
076472
219886
521231
416747
991628
703421
763896
963907
863613
004790
130176
468202
332544
832745
214903
228407
015170
814232
471558
314957
551321
822233
206463
808313
898934
788857
540502
584182
810834
333726
571440
326517
172829
103679
012292
080627
602508
410578
192281
707300
811129
304275
707495
412154
761905
750500
639594
462297
798647
762929
068657
825356
570954
327670
924480
829744
779276
859650
828231
245194
242162
423099
544488
400192
218364
730797
641890
478722
589087
123038
323054
581968
544681
154871
220749
391016
202989
323267
347684
676010
997895
283700
317331
533715
115824
912013
508815
243221
783737
352668
507598
373742
336671
723917
084149
949446
892474
825870
847981
353877
061245
193036
705047
345671
526583
090498
278449
547051
179322
553275
743413
102207
138066
727050
717704
882743
516525
593098
993397
734416
921267
124719
642698
395756
840481
856694
090811
707213
353244
113223
636393
020702
449983
278032
030208
647350
020285
624661
268503
461353
156572
138125
465247
604779
222118
540793
290680
816705
306452
670001
507001
765934
383787
388374
443115
599093
732202
191749
888414
332785
697855
058313
459606
195094
732840
526270
650274
649438
863360
916997
871292
268397
634764
888830
156076
899684
871009
994598
350138
792737
392710
449255
561465
262747
952409
655845
760271
324678
698484
708209
935516
732025
228407
345170
876247
786327
898444
899025
116404
390343
888247
403087
636961
327976
555686
296170
716522
025248
638621
469558
123714
924482
761058
543707
599272
944891
175716
826519
628395
888450
288568
885400
972876
316321
878010
511658
523693
979971
624064
126593
439907
549277
694832
350008
327108
848594
927514
962827
774748
408402
137445
953632
917247
668825
974167
251951
288207
194306
116240
484536
971502
021031
739721
840049
714690
506817
834627
837603
018414
975382
414027
847769
122902
346541
225564
325499
576033
427658
481877
919747
639051
030227
891719
320322
933973
720512
730697
331934
588454
108350
750533
484272
474302
056645
073772
088397
859914
043136
073613
262333
060074
865882
593294
085860
777256
149321
179142
781488
427217
635878
737143
120748
003595
069828
119818
901171
848968
050179
545740
362163
771777
051154
112298
858648
475127
442723
055544
974196
787559
998599
754714
745391
612558
950682
523155
938723
278839
084982
748836
618464
794913
119343
175510
253119
498026
099989
823097
378690
380371
131710
406783
689069
154178
294930
365622
729114
576004
154212
969443
124240
797784
759748
474321
506527
915338
807635
226214
100068
094387
165333
674778
441088
763042
517954
938048
283559
378358
522850
855517
480582
367259
096509
378532
322361
603745
107160
676348
698227
750682
234159
053388
995187
171437
014576
419591
620629
807839
316446
325339
688071
205465
440108
021976
907261
772434
583458
280956
181134
506468
891065
184811
833313
300179
360740
958814
977787
894357
776896
536276
979730
415749
172282
373699
550187
220303
206712
741234
468982
577179
268433
166002
846941
117089
042780
989612
959459
686379
710253
610804
248949
051958
917941
748350
547466
228892
914078
193635
733026
324630
310269
366997
344125
944948
757806
595729
749857
326959
826888
486431
833308
798069
544204
140160
275071
795030
328328
894433
321244
923835
256930
908271
986557
024671
893036
067064
936165
022778
362842
603738
140569
733325
425128
071115
128661
995519
019617
494358
542472
869731
006947
678420
509784
409630
645280
895681
698248
416907
205646
008266
999907
545062
856563
729700
144440
995611
949720
679433
899734
535469
599769
806768
167103
130737
447130
754443
133332
825882
805881
766430
741338
407777
772931
276023
479284
741920
438016
636019
033715
790503
792220
708434
131118
339818
401838
703046
903254
858639
589975
462002
059534
730613
711532
211731
739840
642642
680741
824154
349481
939635
184686
547975
101271
554995
226109
127781
402748
845507
896616
229325
382825
242801
503621
403379
656869
020479
552293
406373
116888
315441
987838
419485
720992
488342
413457
479348
484075
612753
043715
268600
963515
693378
618453
784262
480127
412130
862029
199641
849245
434079
387495
625659
158960
452963
511183
993094
495498
424635
781078
829395
546114
495923
594490
872333
028979
470611
249720
773183
095816
440660
857049
431397
293884
108309
707979
553591
939695
522052
354696
690259
649874
220837
959043
201462
898661
604041
433044
009660
679770
514833
645030
851844
136990
347731
960168
040068
644348
179170
791297
998395
779898
674364
066346
680610
614505
994243
371898
774156
032777
924317
385874
362643
236429
598568
889180
526121
658000
480395
971511
182159
591151
166600
338336
626089
697584
259694
666248
602123
437728
160039
363679
183395
481620
916204
076713
539174
142954
268166
070887
332607
945878
820567
384373
907600
086859
703092
617046
974341
014567
568844
338067
782929
937171
000912
699661
152986
315918
472368
948082
025116
164362
642367
735420
054788
360870
869939
183630
377394
948855
151078
347632
658110
929264
061805
526667
929317
113443
965333
989722
167023
149201
155619
523522
154252
432774
568537
125289
245886
791247
956099
238566
121350
510038
026191
979550
288555
478737
948626
975604
617166
531602
193635
954742
889678
392861
759195
847680
481603
566727
653707
035676
598125
739355
124107
942570
485970
002051
186776
782705
539936
998897
481566
485266
398826
127493
027672
009220
379576
001034
563287
944983
429901
050772
298734
473113
165690
711459
976054
348903
043317
944947
617848
306524
429074
501637
881753
138296
964461
548889
487213
255971
100676
446029
511828
782490
069146
526549
749030
865045
205459
703723
768896
569787
983200
176674
563979
301609
575564
370361
774364
877638
265362
656681
504212
294789
188713
278358
763753
270217
830065
066394
119160
989257
858103
320927
328422
195561
155698
804803
526621
792405
902363
307901
004822
020425
678767
990005
134029
118370
993244
576008
027037
193392
219003
718146
515241
780005
599409
981694
847486
555004
038150
010115
079159
887745
842349
425135
849656
081521
168669
087966
614970
743047
276351
795952
326027
303342
170594
055742
204472
454974
287214
966736
639390
814481
446691
791298
457074
352107
729051
060825
758469
271151
818998
539279
434872
165263
143755
614581
430343
293606
509781
205624
848448
034094
014994
327459
262642
216620
532036
586345
615275
289848
925806
877123
899522
065208
050267
200612
296062
102361
888512
111409
471928
720662
152075
322559
949971
606004
303742
781120
404789
865241
296970
073977
350034
023636
741997
802604
304937
453064
217943
137417
327009
278984
396119
255657
186491
804037
882938
478780
839931
482094
012230
138636
926185
030863
890264
637817
623088
657824
088941
489087
032368
053151
776557
537719
629274
883863
237437
256384
892089
176848
308447
731287
911220
195048
822294
329032
894953
254751
794626
383719
569522
499040
494542
268512
961905
055458
517037
726274
643527
806818
924730
828603
612056
235834
450341
199898
407695
939233
939543
403529
185482
071868
109944
147727
977109
899014
114865
999235
825159
835179
788076
625953
312202
919692
070648
814136
587871
295031
000549
716180
218773
035721
060547
415767
601605
299304
078419
064151
150160
308844
594982
952489
635756
410874
632849
773665
628441
840125
678441
316328
413359
198379
813926
234456
005570
946500
055416
884117
872401
470292
853393
876839
635224
929810
606342
507158
997206
161633
537159
343255
392897
621964
221198
386926
917663
094935
498305
242488
029621
190602
623148
083047
972474
510944
419215
909665
506147
552501
509012
830090
899158
330173
872383
797148
329502
901461
613320
276207
710557
141162
146842
911278
387706
108775
380132
591143
922362
510517
268121
220091
910491
979714
443786
217552
137478
524019
717780
587845
073497
820652
471387
797212
447818
822291
218024
494022
412071
347957
712679
362564
138593
640723
541828
056491
433850
710739
237729
844572
681226
009770
559397
352779
305819
317151
704070
259522
616192
715926
061489
334102
123552
297070
629689
135775
469978
046910
213200
010288
612573
601219
342837
175313
210290
287846
455879
929656
534722
979093
007567
999084
495057
372775
208200
369718
674276
939022
495597
507219
639078
672721
165926
311537
821745
174103
522277
891355
872439
233473
115726
969383
698097
021179
053984
100748
838902
529306
720212
905890
379486
605818
352279
614398
440949
282117
289326
577536
431792
604493
320886
204673
521270
195878
360277
777597
983013
832774
955767
711605
123070
600353
883595
853588
575997
626938
227215
737139
181878
038253
529027
231986
893582
605828
534199
293217
758387
711767
561279
278789
639806
595811
111144
074497
529560
243008
942462
386669
227821
927817
128847
359868
076578
923307
841961
352960
421353
813630
867530
948148
881549
392653
527931
045032
856514
399583
084624
899265
486715
292376
610950
587754
095786
947975
328497
932494
176589
095966
758442
050966
999783
358460
330566
265938
414198
166450
454313
385505
556538
663323
477866
966977
716654
556497
643613
159126
746422
265254
331046
193499
279543
390513
220956
561797
847127
297324
995477
527176
266039
572553
175337
422132
619908
020308
996077
698760
965428
917721
307639
249400
215549
315169
314189
130440
017900
192631
971570
671082
969889
940482
884816
980122
196927
455847
914150
968224
354144
622509
920216
874771
982369
889267
991561
286417
090764
778150
708472
399426
192911
027315
497269
536409
728860
762828
718838
020861
016622
780224
961173
557556
878397
447691
624906
857926
677271
751672
661731
714123
831911
965712
950825
075419
110416
502105
650006
244057
196684
823462
999760
274222
065730
742531
742836
914353
519257
392753
440729
197868
714512
972892
209046
118647
827473
910765
997360
431429
751111
063148
776420
457719
911409
784594
749563
843301
734537
883959
111378
741723
702081
509418
557327
026973
801238
292410
633257
425441
676301
094064
845933
222423
127688
067251
312580
612934
173463
714891
541297
519509
975539
742096
122008
980463
196512
451600
887973
179638
702316
840440
962934
211738
816995
630255
920227
850741
990297
713226
765378
862923
732926
983928
581741
544407
128647
169432
966902
582332
263035
092162
603578
809895
476211
581657
684570
349386
808223
200703
341611
687986
586906
596972
421902
955566
024175
902966
745907
878449
787370
267008
218767
808244
871183
643636
008446
786642
739941
679537
698192
752872
998683
605448
092841
202359
729138
256225
562990
730601
482858
934029
659604
064016
593357
872040
020858
704702
444611
418808
140934
475724
722635
669575
341616
628785
410726
205676
077233
127576
865340
633691
351580
225794
446016
094063
574796
920678
604651
182426
354673
682698
593227
697902
478606
294994
838684
407734
079356
226316
920185
719042
460830
008169
125254
104955
552432
572675
905456
070402
407032
848145
523608
241331
981668
430870
503059
900218
994973
927597
618915
329293
391022
709974
907274
971359
895158
389221
329512
896624
056660
268232
901814
592266
669995
896898
606684
165727
665835
683809
291207
167781
326831
639134
393765
687983
371142
142880
740683
990333
488510
120561
697269
850256
511999
628369
244278
364197
036206
771779
307767
737734
439425
415195
678323
983728
135979
694595
734449
230582
035212
104346
456609
406705
516282
666864
302742
777859
584325
375301
051838
483302
296733
095342
227009
867492
218792
355292
422990
299582
076624
267006
004370
269874
126067
879576
560890
809887
270307
081040
643264
013431
733470
624918
318970
627190
235138
238699
076004
102227
615277
252219
837967
867082
777013
269145
864035
044937
469306
479363
383676
919897
634645
215297
121120
694992
613241
900184
871822
999111
072806
160107
045055
123741
450600
623228
212787
783264
884704
244020
423947
810011
818454
023440
054871
527101
124483
194399
020447
809385
555557
335975
463216
108014
973113
368224
247920
808786
180489
580288
956817
100727
539995
801621
214713
608395
892466
204095
761974
625889
163146
043766
619725
368752
663129
662276
961679
255548
079212
284966
874886
038725
262179
169244
771932
290779
773876
976222
066320
798424
351401
796520
718000
184447
868937
920994
391625
225843
310701
283938
274419
368642
675934
909626
927224
759596
582637
675946
415557
553331
537567
440867
396591
519557
047239
523450
818683
097208
212151
635997
541723
021542
698281
191116
787712
089317
184214
185986
392999
041347
435485
675107
116811
051355
915392
152255
591303
628531
191277
500336
304674
700732
827929
632257
066342
819593
805660
094225
545313
781024
348192
473911
048986
396007
635122
760338
362155
607026
635662
327127
655126
987258
907702
398008
558534
821568
395631
169668
080082
157347
229802
821767
937302
611940
897780
122057
146953
221769
254544
156327
642900
650927
220249
774139
811915
656423
232198
636377
234942
511713
096534
440957
731314
358506
649002
582761
911716
875202
474826
845899
297209
080055
568152
931916
280864
429271
989414
957400
679661
372066
635353
688743
498839
310662
930053
914658
132840
319056
965984
529711
189813
442039
604870
942753
970351
112596
504711
560177
956835
318310
992602
119749
701979
838762
461131
882299
544957
590481
634632
213582
425630
887555
898741
499236
402645
559828
367720
097779
898995
789693
200573
591458
666616
973034
650222
825764
648279
256356
242575
222193
879573
665157
613139
139044
781699
919440
625254
503217
176793
925610
919540
043038
227447
310028
235670
750582
963804
157880
288696
411474
944498
044121
485215
323179
379847
840530
855408
140667
444741
141530
700312
355578
244882
693982
547692
231439
200278
156906
903979
082777
403648
630914
678436
872695
136067
301060
574335
932195
072732
701384
799499
638608
543987
822745
798596
810638
580024
867088
747332
005834
079852
539522
970265
854724
005453
351174
665775
245872
260897
084780
747974
290550
244048
153453
588254
914482
381325
431663
542327
296788
036690
358771
199499
977321
185521
080167
695323
287350
712495
526706
509413
885114
421268
776654
021102
377730
936933
225484
064035
474797
654049
246226
437778
139196
154032
400847
664177
243211
205921
515225
183128
268179
399850
207595
266395
031326
007231
482225
776432
111531
712061
544173
069543
410166
428615
873825
677134
823883
272371
193039
571153
696914
931453
940932
895939
506929
895960
578436
668978
022255
826263
525045
021187
291285
778516
264824
059684
189916
856274
685513
024249
189833
380258
024240
862031
147182
280580
601881
994824
398703
904038
604722
267358
830118
617880
633992
668737
208886
428330
053746
993065
152927
432234
615250
790060
514049
107898
388354
305396
990739
488259
837688
781229
394518
555233
987522
174149
960267
852285
952647
872530
986959
553147
107185
783517
727447
130569
609691
003515
788770
774785
721438
701081
444967
474264
257578
512818
672006
570628
560121
750048
152667
262656
107053
765444
886334
830032
989817
296004
799752
829136
383692
416347
028035
678602
982116
487231
165501
178556
460519
982191
607312
248217
374708
590944
068445
893181
085459
639932
321429
603522
423829
692643
773793
013570
902476
360896
833422
561701
106904
375922
692490
074909
834376
004656
566606
405383
115514
016889
144657
664173
159756
058941
038561
639677
090909
192640
995196
934050
991390
789274
699023
471471
071224
311532
136604
555007
358552
240726
750662
884329
074960
825917
118111
783664
734934
761554
304841
738412
736421
322102
389322
492625
514214
458172
776852
658570
334940
932506
349118
466574
150281
676164
077069
421782
263272
130881
266267
274016
610908
769313
848172
444965
789854
810298
988305
239813
548010
838565
775804
488534
890487
313984
484451
965838
359237
406719
594039
336268
008003
638953
064716
959277
352466
995876
472524
269447
744032
503151
680860
090883
161740
232854
181424
719872
948583
102221
753469
711634
110407
252688
203333
914050
868483
727402
376539
239210
136090
274974
572749
507718
184473
532712
410567
484405
267315
804498
464511
088237
687269
703343
508715
311296
912557
291982
969273
450446
431485
468257
308846
675477
894375
630618
211433
982128
255966
766164
843024
662479
654367
041126
697151
463054
576083
870116
754166
685311
504144
383089
312384
163598
572327
516205
991292
780132
663551
977399
066367
376897
545082
259323
551601
390816
687231
150451
470721
128789
677545
858343
568540
327148
670505
425116
004341
238242
215796
845732
018737
302989
460590
805719
223581
166133
807270
264360
197565
552239
013033
945621
599550
759357
213503
397785
766428
731266
061311
581182
775381
730643
066233
458547
438818
764846
809680
733966
048782
408185
095122
084190
516156
470102
802607
275783
399203
128385
626544
905432
897339
102379
164162
787237
571817
139955
697287
845790
353072
845767
690143
130275
161516
714998
413613
651569
750284
854328
245720
145688
388788
874887
877994
500334
698409
674398
860009
196502
049265
024479
651349
448306
826145
511493
630706
973592
131314
821197
534986
711133
887466
302557
320545
384590
040329
741936
019124
544010
952639
296505
546195
136363
334638
590320
411847
578103
506540
121969
631958
853344
756545
702870
505284
855160
897316
866386
969712
322158
007886
220310
301871
203548
401146
013976
298601
783750
639339
378890
694674
992577
181715
847601
127936
757839
370484
447188
493081
685179
647318
571459
299242
347230
662939
708374
851001
650459
105458
336622
781098
547258
698036
582388
093500
784492
193640
497032
822719
063644
444901
834311
515998
908902
308365
097454
467858
311705
065389
236354
713725
952097
917792
924173
956800
721432
081153
855692
850049
290194
346863
878937
132789
807525
749812
517030
798030
488154
389643
438125
837539
157408
636586
159284
815025
933010
897154
500529
214872
214170
896617
762936
556003
649351
230824
904120
953065
073064
720986
238089
373790
757064
828868
303950
391314
293130
401151
157215
524409
500621
523086
581026
695765
039113
984470
527854
853604
691057
935406
944449
869066
590432
646778
379450
677214
842168
942604
817558
256542
567363
784454
042868
462600
409631
466612
692322
742417
943589
306203
315920
327848
282727
787733
480482
274232
398261
279003
945179
670726
558063
683908
816667
832338
852714
050179
200550
994320
667767
360390
675082
533324
501411
861272
854541
556965
412382
515822
670192
148243
662003
091867
245931
950534
724238
008933
844169
114815
593274
175457
047925
290770
096587
339889
741548
052376
194742
123332
109148
077169
008650
634188
768800
811822
940438
216153
558140
174492
366871
664582
481374
284467
670014
855459
299731
815106
299181
751100
203391
808614
474770
819541
533145
561664
582734
497162
448126
808707
473448
603444
486601
827580
471849
253101
164441
420417
632136
091381
848166
797677
515759
848203
759234
613741
571289
181319
363410
122417
867645
535231
953417
659695
100641
751111
521826
243093
100848
608039
139545
961291
649715
785506
454740
943409
225317
638178
008084
680052
279227
390469
868080
303491
855181
264987
685417
226766
126323
821752
166654
240430
239092
982471
885085
033889
228331
834699
634930
868070
624210
914421
152766
185426
919651
984712
227922
454161
405675
827390
867058
397507
113561
443362
568304
018938
064277
763262
218092
565594
985838
562325
283852
275830
167952
502016
185040
989532
836277
603419
436994
250419
862282
094328
468882
837656
486176
358750
968717
961685
968303
200028
469764
280319
993329
766722
028230
092249
714367
161913
878748
746919
447684
747004
558363
011440
979506
906344
352862
787778
437316
352828
409021
563085
296086
499402
589052
750218
147537
703037
258001
506929
180392
756700
339334
778462
119524
481543
726942
912899
637733
577289
710077
462247
476775
561582
009570
271701
844416
602328
970771
112907
419552
856235
363099
702145
697133
261429
455350
468707
580123
656515
069777
345885
735735
487824
262689
595714
449459
759519
604374
548506
553043
404881
237342
754749
767644
718723
155029
480424
369089
945492
640634
663206
195530
583454
725405
816463
699140
953546
717133
427936
744882
852912
520536
692358
667922
867364
024597
540150
963141
648302
092981
753560
679272
610175
621795
089343
950419
148375
477258
305011
930752
549926
390645
587675
846010
605719
690627
437907
437197
118007
372005
425539
276655
685445
629222
151735
191248
998036
750930
002843
019959
835890
277657
185819
233269
865562
117391
373041
276589
043067
194217
239534
316184
694882
788589
442311
684408
641702
794427
017402
771500
021815
017164
544332
994164
115071
895669
622687
942565
060957
596960
034929
526819
253221
399101
135904
791296
171279
910024
325939
010967
693223
358789
156912
306521
994148
057264
476910
954012
296526
078741
542061
066429
157196
627774
126844
359204
176118
953471
080241
327194
254694
084485
616241
020268
009149
290474
110994
772439
458835
489611
039630
457134
095929
254666
100213
210409
721201
068717
628786
312027
983925
509151
840782
154861
059925
129551
482758
158808
217573
215848
322954
785510
064456
352780
064369
782499
397294
974566
557805
325013
210132
172259
307380
405229
752626
363752
976796
694563
882685
588740
166477
229954
619503
036855
787599
891051
219133
193908
586069
684443
938357
647632
014799
831224
894748
549316
765927
177160
755618
745667
401899
338296
664686
358697
847479
432096
656919
329423
079203
177922
666512
671835
512949
684645
508732
497809
363540
865971
419951
298610
017236
050297
493671
602128
769044
888984
398102
602678
166225
581201
010885
938478
240224
155326
623526
017942
774015
206197
472979
989554
251530
954838
833508
594916
506375
772847
847338
654479
699527
447112
956538
185779
057304
016166
975383
030841
652522
025687
779278
550175
910828
370451
113936
197868
604072
872024
579967
530172
995072
550270
709461
380933
090332
503198
343730
294984
961271
553098
045300
842743
161412
595179
279742
795441
021317
742855
154384
902715
477209
062739
773288
208763
123862
612863
032780
367168
326423
732200
635518
246890
892851
084962
471567
668382
801783
853101
466636
367989
791517
193949
669990
860518
787911
761385
807806
911302
671173
538103
894871
071798
434191
205526
549627
667154
454890
317702
081767
407030
044881
421380
153154
608484
262352
936715
037502
474712
532224
219871
575602
337202
601806
995689
944695
846060
800675
964357
733078
479160
027148
774510
821000
922433
275693
195543
161752
088618
473071
734185
651966
577190
844222
064313
735606
984407
627317
210506
650870
786841
083987
741617
779444
545257
169355
142815
869135
872330
636181
080830
143107
954023
054686
415320
782688
935480
378717
830177
619399
733397
273280
624312
261984
204353
236943
811288
118666
244586
816462
276656
006438
950192
181678
432646
040545
567965
261071
162325
942924
085908
745693
572272
576709
184339
478149
188561
119404
567319
614353
779861
076068
865262
044521
121120
240860
436863
721416
745362
978264
397000
377747
967066
257404
966254
847064
367686
845489
122894
388525
819164
911556
347976
655646
192984
501667
117618
327429
395025
048125
888912
304795
310682
309049
413673
085959
504635
687017
685085
001777
260135
343515
157555
846681
056758
356504
016360
981623
907144
746134
131024
820039
923742
651426
130283
775873
047963
059367
880544
727112
071298
601681
133524
801462
588251
701780
685814
192311
721144
404964
526372
646760
013809
626110
978901
251545
391091
326058
655568
045145
498852
242188
093733
658176
490446
227374
968312
812160
076383
079255
845170
731390
956566
107007
857743
729376
753863
848061
953035
940244
499491
888860
598207
073479
021662
663062
214109
420799
662447
677041
873296
817632
526860
733161
840159
652369
672021
203162
215484
986847
858602
224102
872073
378404
735915
151325
484769
203685
853750
706855
081129
183123
105944
753773
583349
976038
345972
857406
493013
466237
297337
487198
269969
509959
019406
633964
343082
960444
798389
117383
738780
949193
947430
116908
368721
544034
321231
237890
688536
547737
596592
575004
561957
022671
327971
768117
462287
003124
434408
484995
960087
743980
494552
705901
298089
800962
889686
738135
584862
620691
359534
890362
821403
809720
197002
150833
676530
304289
366918
248902
949541
009799
293018
466274
448721
443542
923648
261755
283197
076428
228703
266481
541906
356184
709533
789945
045743
092047
933064
855658
572295
925914
854137
054991
848270
965160
107212
356719
838021
764150
703175
748276
052807
274283
028433
493329
429253
025753
137983
863060
230890
421370
443971
574538
481879
060234
264997
156959
389838
461747
459548
167507
732561
458190
898229
670467
120721
915784
701386
679184
115349
542474
169358
972701
527895
188888
266773
580520
313606
092151
220152
927779
792039
508449
495294
345764
525391
189081
899866
570866
213843
716472
693676
462446
171976
142340
309676
993740
609782
955734
484141
179033
485265
730992
809791
255284
161844
311241
537946
975918
637824
473117
768097
449421
603999
191918
532773
864866
801938
759417
142515
024614
777124
762469
442299
703844
864608
443614
248054
452042
374983
214091
228263
337800
095496
436632
244009
434447
282371
793930
454805
729913
846546
811480
227441
222833
508931
976521
314841
712332
663509
078216
974097
766158
887489
700934
919347
065349
640368
825699
118879
522021
189935
223059
464739
882070
889471
726016
126333
511545
383888
323633
919720
231145
339460
362175
804099
777619
680055
657949
621871
894948
225418
044640
409443
958920
487325
094561
422216
164369
199171
955631
429868
549040
027337
811489
713790
937194
613976
754215
054778
922179
118784
911929
970459
005831
119225
459801
280206
377814
509380
643042
649418
897350
865173
668578
384771
148778
287233
545288
596485
258459
889025
755398
495624
488800
798588
247175
160858
096345
256618
720349
816745
877967
708720
349201
331505
008067
214910
231750
677616
490274
563885
165567
072572
768979
686613
596843
859615
062637
832878
834188
416460
535699
696838
941938
615327
857055
410219
795036
257755
385691
309425
856976
121585
936486
399697
963785
406897
491017
244765
179770
493312
042145
212739
206144
467631
362860
990700
767077
263299
131967
159271
321326
625115
299036
098421
368096
292856
503246
191306
053093
713551
558855
571876
431152
600944
498666
151852
367844
560827
575046
370554
767989
127953
836177
233619
973778
524302
952152
536569
602907
111541
733465
989202
779183
707012
893066
835163
081936
234899
833748
563718
790393
223009
167445
374926
686750
445686
326771
050789
842703
751137
539015
119514
264483
825934
202543
058479
244430
642607
994290
857471
878716
763014
126720
693104
039808
149891
146951
312463
828448
434215
722750
074913
961495
410791
250741
338484
446149
061397
325210
855012
205260
016446
919572
760494
523085
589911
482639
534600
071601
763950
471357
569045
281243
589444
268510
103747
717888
643027
299389
069633
025919
422283
392455
819738
007744
049354
547251
759866
853308
680442
485082
604122
103282
278867
743659
162044
390304
933969
591886
226143
210386
257243
617917
148889
413815
165648
565163
175547
493114
096158
896760
647796
131670
086601
660879
826220
115178
275486
064667
793264
630558
638349
781657
274127
486553
397432
349605
067047
844274
131287
935164
690667
258385
708791
511936
544697
209671
644556
863887
679113
586987
725416
908269
786961
681284
223355
392977
224641
811305
759069
293810
393196
187582
292151
460624
965662
316672
006539
590973
437390
951238
225450
652127
724901
581488
911426
651064
888382
070424
254118
511977
652470
053032
650824
006113
032113
003456
947654
702380
919420
367899
818698
608112
898015
301394
414742
579949
826953
692892
998755
578324
079318
777614
752228
905960
140214
305620
605979
106102
183375
587794
953590
151040
240198
858672
361950
641404
254315
416243
534935
037998
736482
237547
375461
999135
126151
315221
450209
889713
528057
576505
365647
638777
522584
343830
534880
138961
090145
646861
476457
855306
932314
718997
952291
412671
532036
368784
569561
972463
821358
517778
058629
183070
793269
886492
380495
439368
560060
424502
271914
966883
122375
831279
008055
414158
703792
510894
663566
164275
884919
929827
944365
548626
998611
915889
762069
197686
562425
391328
978960
804207
629144
249054
505658
211067
029477
952264
030858
454826
130408
642995
327420
235326
929416
522138
096313
577892
204558
691402
150420
178083
230129
362644
940396
494827
945287
713014
684311
259822
087370
798305
341481
763687
287264
308964
035943
220725
392255
073732
658245
192113
048984
876157
771207
478019
623814
088948
343171
148255
092599
757710
204747
935058
654595
225400
332012
876804
778327
054324
600100
717591
366772
751567
270290
644336
262554
611485
987392
180440
122661
104528
367053
412506
769028
024202
284253
292990
726196
038597
098105
964172
989451
458758
243268
632960
503186
424047
283326
347910
991260
010250
863368
627109
449419
565855
081890
523923
108093
568438
414636
237007
850778
339494
330861
089936
644378
379607
136406
139875
015953
420950
059753
211968
132995
395312
793716
782680
513373
844015
106345
912664
412376
174197
605822
720749
704788
374037
825958
908523
727826
143170
679202
804707
564436
747307
514587
856770
451504
942204
197001
280834
862935
522197
254830
323844
388249
804217
307254
636011
457510
460479
377188
242676
988160
212782
144510
342497
582663
990097
679864
794177
464627
481139
651358
513511
015720
865465
081730
941699
569165
860281
432000
587915
971884
520656
209813
852835
685976
890072
724600
293502
090328
306118
528676
717493
374184
081483
174342
445140
093088
348942
341009
028527
350738
605713
140086
030168
644183
230657
432386
680883
666820
733797
945121
667324
098409
874434
355932
428276
842700
496403
842675
075042
964507
302009
735021
762199
450862
602567
507638
752664
165790
406588
492072
056151
228277
649657
898815
128321
234597
142447
157691
794999
624985
000879
204411
630330
272913
071432
348796
163366
198130
594630
997383
222729
918335
468998
654014
102792
949963
615944
157602
237535
808108
359396
548251
716414
393950
485408
403907
252975
611623
251809
724993
109090
726697
041665
543414
195906
697537
643269
924590
733774
532321
003803
288532
880290
799088
602246
413798
305516
880443
691867
744437
962117
056775
798587
163789
685631
255228
707296
580144
435672
299336
974239
345281
753606
498282
533569
504239
351856
795267
298089
236917
166052
974678
743910
111727
770896
574030
382656
290677
797931
520330
785537
221395
671020
824860
919343
108661
222767
599593
891083
252041
310760
226282
183753
916692
725551
931280
788514
411760
821974
278085
090514
343542
258851
153594
713769
568763
266190
447826
722058
250816
327187
512296
699793
820511
366895
586787
828345
064176
955424
536472
150178
261355
015227
034012
959190
682208
358206
636568
413275
526698
027003
601304
826420
177640
473621
356862
135413
753231
987671
762412
438148
429883
878484
723030
618302
009582
587007
134028
036841
914310
353642
978205
809505
648251
568236
749438
868336
367300
387206
662214
465595
162047
601755
968358
603507
126469
642456
895628
513200
621993
261874
938295
171677
408673
168725
415255
825572
329334
470444
955262
494286
000864
228743
354355
093613
807115
617714
968622
495764
025567
827588
456050
642683
762754
782438
413183
909690
988192
436644
303308
402499
662844
746429
436934
120728
015657
787712
879465
576118
447382
103691
127317
731988
596483
398881
982177
614591
749476
695259
997354
574040
673844
896297
585245
950069
019184
624729
849713
401744
856230
316720
944886
031170
642619
308225
340553
136400
500289
588837
128218
884745
901699
964376
186513
520869
274028
096840
748038
184247
872083
404925
970717
745299
391755
785251
008317
804811
022283
607461
863540
972757
854148
789001
235406
001036
422682
959102
905781
904207
832630
970389
220358
445400
323529
685315
367734
571603
519359
224249
910207
871489
181072
516573
913658
003814
544320
687821
976685
865071
902028
035511
972214
879843
625441
321587
477792
615168
586314
046939
916055
692923
281261
905259
018400
949909
418458
263983
147327
392407
556547
019635
682510
570519
329664
536195
051510
359009
748633
764792
470040
851029
756856
579218
066645
320814
172028
023453
508517
871268
530384
380603
126652
429813
409405
300383
604109
045223
374186
573486
867142
651565
170517
934880
427733
999433
909568
935634
039287
566587
401798
345525
508112
274531
965193
806460
783091
248483
795976
110481
257845
920000
710655
332629
126646
194603
528843
630194
471763
343684
773239
336729
543079
592834
726817
877004
474941
626920
687613
093139
448485
308740
173019
797300
064648
021606
243851
432904
299614
746626
058592
076990
100253
566783
009063
052411
929335
722029
605046
682725
461942
381564
986445
254476
921940
405621
735489
425059
877200
693018
705583
125899
788205
423242
063718
714379
047785
017244
791192
383518
288093
842429
232742
733988
763250
068390
740988
479717
020435
984187
282171
928162
178750
927332
212042
318079
196643
043615
504391
033065
889993
380606
668961
347024
284383
133333
831013
557159
341744
705796
078917
817496
795363
546189
841073
074410
442540
016657
424843
748165
977985
692030
972462
270847
759104
550345
954763
664738
995006
326861
777855
228474
408343
740225
984805
002470
325190
777996
239797
434165
100133
724811
185109
348795
717261
724207
570381
033105
675572
347993
047064
181302
719710
865252
807451
610611
751278
403426
592947
895572
373578
961792
367755
422947
327556
260297
816085
498238
611928
159237
859524
194255
193875
486068
446435
623037
187653
654821
503425
104691
758700
282374
704261
280992
125236
169004
739835
960703
430084
976473
482710
676802
025729
957345
285439
936177
569932
651170
627107
684894
552247
839164
354050
802006
439258
909416
043952
399868
142834
083380
375629
082336
598261
361116
506217
644372
989855
344036
800033
405294
086759
469897
556973
026093
435736
738608
687468
411612
899894
322408
979640
355551
394901
435660
046702
499111
466712
736720
849244
535094
627933
850634
343532
307069
020721
700571
583747
651270
704316
972138
576497
867879
900587
353342
612865
618933
405897
472974
718299
604896
578543
838463
955782
913600
050583
014554
762633
608347
996346
013227
212614
961054
094450
509671
260296
765103
969707
535895
212332
471885
925527
894938
057757
871607
123394
519557
408982
110609
065635
279095
994871
619327
085966
019022
700048
130697
333712
476463
422697
347359
434823
502664
709649
509303
232500
060883
653292
976601
107856
850484
026853
569390
296156
160240
906541
856488
454964
657190
175123
365671
296216
566058
714391
000819
285951
682507
002971
838846
590132
557917
124075
905199
584341
113922
758341
903736
950993
563656
095230
718780
689161
425310
825067
046755
112890
001744
260598
899901
888595
550291
503433
541607
017352
012593
500144
999251
316989
432748
118699
622806
703295
479581
056854
989630
927827
715721
706570
674201
153063
263946
378715
769068
905354
771669
261309
513488
380700
201663
542469
087659
580199
972551
305842
658356
889216
900825
868538
489251
520162
526898
350352
469048
425032
383511
606062
290482
461235
258684
211424
392600
403300
967915
728222
074023
193927
785268
268461
552853
637201
887042
681698
356782
291969
498574
880275
834740
064729
640701
315348
878148
625865
994837
592553
017230
300915
766083
402639
858632
868693
074288
572118
512522
453125
932334
228064
782239
324850
119104
464064
855116
125004
235554
362341
917570
177023
384632
387131
568701
602197
420583
712869
865020
525235
414045
556595
358424
508337
912226
447519
774776
847383
283856
351520
990131
576098
443383
481727
088610
762408
384831
178222
722484
242066
089248
369310
056916
051528
813391
154962
206323
083650
299881
585573
890015
816759
048529
621052
126606
078394
400898
136147
702946
470102
168631
885405
878436
185147
006003
898177
811897
556652
147247
051584
511008
257799
989042
249545
742499
641855
535751
513738
964473
573108
802523
079853
248085
967721
783544
326757
475918
391339
819725
967739
479428
172525
025963
045134
331564
140183
133796
935141
186989
142305
595025
300521
358340
983036
993179
433406
689771
687225
911368
019428
817763
709811
217294
518024
036086
614289
489286
598856
388298
979813
991743
437436
385648
355307
181618
066388
691208
976391
302776
784011
030278
046262
840851
165146
122005
185194
912100
885877
201202
238912
304606
243373
063007
294918
393509
450575
597627
114378
281230
041686
972801
589359
174410
276683
321882
224404
018669
045027
229031
973691
925990
086112
217842
129780
561012
858583
956618
399829
766517
810093
084847
765834
631758
641511
622289
051060
429006
328805
257557
115733
314440
107944
657121
440472
645454
392405
931906
185907
661779
296870
113837
126593
112211
213969
451661
650402
374733
914293
146123
835377
033967
873641
378174
627390
500282
690901
435141
878711
550649
734079
914474
560312
336272
340287
961575
945361
864802
127575
728303
770779
643427
024484
852803
840871
213023
796075
657428
053374
376270
336676
267426
992927
455252
428453
942745
697974
389423
609943
015231
726919
243587
111159
594569
145358
396502
404680
761644
531234
614003
048083
473449
439142
694437
745865
681407
575724
887092
593480
107955
675166
529144
389570
453227
574479
704741
290012
323730
800546
955853
366372
027320
854601
971135
491035
210207
768504
353428
941686
699088
522793
329204
944914
356201
679587
974748
984279
169039
600144
724793
680218
107637
210504
871101
305449
039891
770402
890329
169886
792714
707863
274881
730509
706871
959150
453502
641590
954869
583034
700302
203274
164567
992122
563193
406189
684316
522135
201524
720600
923497
618088
065784
387180
442937
812704
885387
061565
504671
642643
123100
302848
670405
700299
470534
129908
000407
088503
525291
118856
488538
119253
398605
028944
900747
967774
878627
331365
326920
283357
408051
962649
273615
426730
437480
508915
127716
951499
112622
677958
595096
451069
882266
286053
422732
015972
597268
539565
618667
112895
452439
984413
683419
589305
351959
072658
110607
328555
418435
495108
065291
103375
840918
208414
477399
650379
531787
185090
481036
037188
760588
040176
336084
994229
238053
258833
328219
134491
942648
939925
265114
309566
440843
881315
423968
184268
487443
077677
052336
536898
370431
613887
656338
340962
516995
241745
595138
803912
482660
613744
016749
416226
900283
355818
223170
351188
086050
470754
146889
901649
902164
392277
146806
623653
109753
813629
742284
224230
029947
307803
773825
628886
672614
563532
098369
681662
716849
887194
347733
776750
182976
403301
603460
450770
129313
026186
366592
174765
627202
727684
406942
189887
878868
873698
544890
950103
650366
815348
023595
058139
719861
585191
986484
985461
899220
596923
837289
195401
976588
051824
818161
192047
898308
195734
477116
877611
950565
089818
513024
026587
452585
940239
006711
963631
013830
227446
243307
593654
056013
626284
238918
805637
843807
175711
489203
630872
871551
636680
615599
770214
930150
059892
121668
678076
561144
921590
468947
090599
063805
183978
965696
420922
780500
945358
772485
192098
280442
084365
617899
895253
753663
141736
629874
680263
332228
376726
399424
450121
260348
601763
710607
935066
798189
026177
232719
823048
575127
779366
330020
661836
293061
940468
199821
820196
833798
557511
498912
081318
062837
349961
908844
532075
188803
643849
413861
481771
054782
118084
199172
831998
950276
512513
115840
197076
829613
902779
827771
084001
071102
003317
940218
907252
923320
432541
357584
572201
450234
077703
352021
822286
671556
392301
902488
252178
459007
098925
066425
095240
419475
010993
414593
624780
612686
199596
114475
352630
396234
037693
823503
964697
774174
225885
949755
081646
118034
715623
057063
533560
555929
628862
012156
924563
341126
122349
417325
335563
851273
734384
973840
077733
209287
605866
663972
869406
325566
800290
935329
455832
215734
719393
116808
952770
000411
830201
348984
630761
195488
714432
803985
153919
528419
923587
725182
971576
996708
100278
909266
593876
244935
115455
880108
137539
134235
289749
649876
240002
126603
016876
125788
823202
913392
729043
915856
108551
536011
057444
943231
997186
818161
139993
926495
790896
054055
260033
548223
795399
100812
900497
031992
393757
718022
876559
232137
644539
091507
649616
445114
985403
825521
322521
283149
982623
358436
823239
110128
681209
806775
894972
797352
664672
825954
644763
670129
255742
097199
378836
128088
285594
100636
617859
139992
023675
439778
559724
832558
332753
798271
579755
833594
818189
848307
155325
881022
315513
500253
663804
950616
047050
127781
483153
215107
660545
051166
025017
724020
004516
812433
880371
806873
046956
701338
848438
890575
360073
532021
338452
832133
708034
391069
726368
488676
777681
908559
181432
191559
006537
588423
360455
236088
051561
364419
088900
918028
361457
916604
964115
772879
262611
485278
991376
051062
748859
684098
189701
729211
554263
594630
676991
324082
859169
066684
130170
426075
431328
635220
220575
648217
022389
833008
392589
282224
958867
256560
614467
247178
603322
317789
099247
028725
095889
681526
319968
519557
693983
518074
250609
225758
938466
398771
277161
215402
248425
699690
889971
241888
293174
253069
089656
122324
969692
924690
589795
342719
765106
409264
508119
920628
783549
481869
477825
186361
203930
579832
110365
107645
961216
949167
040169
774042
923630
954062
664364
304699
653733
202313
494297
141381
332708
378003
444265
595505
086214
569822
901490
313545
877959
864191
310439
203496
290184
234249
868432
399794
720088
745501
974793
843023
081128
025185
791275
025342
998790
157796
241011
833533
610664
510098
340468
364936
020417
494104
571288
624632
349654
686801
816334
104506
824702
322527
222268
450920
672479
469608
086513
689875
739611
793489
386399
577020
292303
499368
193487
839422
675086
359703
952673
603648
342272
204992
916619
460612
165805
254562
614350
070564
059515
614306
634446
359478
027730
644502
871373
891526
274906
935529
261465
693755
780615
035317
969273
733738
365184
012029
483380
470429
823115
735180
529288
603579
404022
383081
863149
334423
505081
557850
442199
898669
348157
023267
175578
771499
246534
625900
987767
509114
892822
169486
006289
179192
148292
891996
704833
543682
381072
451520
453540
235476
831626
548729
264335
566456
123091
100077
440947
460384
775740
889250
597682
917252
668049
828628
994467
578938
475371
710557
204759
570067
879488
988355
859217
876662
004507
530361
801164
723036
867624
614341
500042
917434
622740
811329
152140
079324
291958
849303
412676
762464
343942
177324
199912
785269
215069
144005
286864
566395
710360
570434
843938
563943
845494
871760
271819
101882
408118
542405
974874
086865
142080
656576
287638
903431
390508
141171
606474
409501
439984
477279
717381
375953
513366
858106
042458
446168
175709
371070
515091
704244
570008
572746
330855
205778
177507
113935
858466
081374
560303
125362
984370
884117
662950
838879
623458
442199
054296
662817
759734
056260
610631
485984
348746
326363
806319
172029
075703
785148
385540
515344
130755
111542
448363
773581
787792
403420
440037
199319
113202
604335
133101
543199
118963
316441
473097
365604
610614
371366
604739
504920
808317
271970
227659
508090
132893
134687
863368
099192
686639
996360
821833
581671
301741
503357
745355
461718
106599
978250
466702
572808
076282
311808
957190
473171
949491
814595
897860
161087
783372
863859
929988
978468
889279
094337
342883
378058
758342
706452
776451
823808
106027
163440
030250
332426
032084
511887
686429
105083
612281
798885
431824
046428
028037
402660
804761
983148
757506
782116
608453
556787
513001
986584
499848
483015
751825
921152
758123
333736
629732
258372
261113
207821
471293
789293
709090
600267
506042
833193
553001
371262
018757
236757
472826
034933
936021
204867
225154
237367
333794
718865
037421
633778
293474
885891
205431
281609
225982
029967
334122
468167
772163
391284
712794
286817
914819
374383
767307
878671
220989
877357
047554
013602
273414
833484
661729
889474
043473
667223
926655
132760
259564
560624
115298
682472
552783
832159
698073
884596
279856
868551
973129
749282
434053
835185
316369
127202
859969
891762
070199
671325
378181
252429
501640
307659
264655
066039
688291
553885
783396
764989
680964
728407
014970
468087
701323
882457
558247
432101
858833
381831
198939
000125
452637
674869
402641
719892
557446
721533
129334
684352
157949
004348
437456
036645
323329
753773
958627
039053
923376
625823
267940
470322
394785
219629
348831
186153
830363
639187
273420
035368
274973
962628
524781
945282
863019
009763
384313
273651
014701
734826
364476
043076
647614
174597
874143
094399
493244
523998
270630
354871
474211
065189
406543
348764
399655
091074
180603
006979
191483
609068
777900
793254
480952
464879
685226
566222
074969
850818
361018
107162
215936
140858
365808
584916
286730
375033
118599
028609
740739
185614
206591
300235
991690
335539
188375
246254
999097
830144
235448
140296
635514
192283
424140
268275
425500
810444
988452
926565
764652
112067
256792
026777
700625
940408
354688
592734
826961
258503
914529
002301
168170
739646
591193
491679
139359
379947
206151
422774
002144
333915
528221
415751
001134
657267
995256
924249
602680
213556
759732
415442
992284
619557
008466
012135
816583
445928
045797
999557
183802
566365
576658
104223
444374
422082
048250
138685
831455
776179
967569
862605
417583
187636
480689
642562
254057
387648
310665
906419
909921
961552
246808
200108
666892
609863
875415
005147
075407
455115