54258812 
71156526 
48937013 
83752159 
88084308 
14349990 
76383538 
41031505 
15804796 
38031696 
84939840 
90082985 
16962036 
44035861 
49504002 
40192913 
53977223 
89530474 
15490328 
94053421 
54985135 
56199209 
96445483 
31888797 
95881097 
27129311 
25031291 
15955784 
99059693 
18447331 
17860606 
20954330 
13279007 
53866978 
82778005 
82640667 
33497468 
28362521 
08974562 
47954569 
84131804 
62414432 
32757554 
84314874 
55279963 
80293417 
69824629 
76826406 
36212383 
37899507 
25214201 
09417580 
37495511 
05876464 
19313319 
90476976 
30144380 
95471976 
68490705 
51263985 
96432148 
07818547 
82470015 
37430114 
81344222 
84002347 
42199860 
48066936 
59161321 
79766674 
35360582 
66869910 
08865209 
98955896 
86083784 
17611345 
06792520 
75447139 
28147166 
73535019 
52934939 
82333251 
80466952 
71102811 
71225899 
80398951 
70238666 
63716196 
22491319 
74125292 
04701206 
87910042 
46164356 
35791626 
23346140 
74518560 
00406805 
16576641 
25233124 
38138990 
54947529 
03117950 
04033347 
23885072 
86386028 
23623445 
71830469 
75114386 
74343924 
21917744 
08531622 
38427979 
85544664 
84457275 
79886416 
02142853 
99182875 
45323763 
35471880 
83914613 
37201775 
51334614 
55703471 
24770775 
15639360 
25690254 
72411576 
47687415 
07299524 
83114001 
69923704 
31719426 
76865997 
33518801 
28341425 
44289594 
42098885 
69435098 
12762398 
96767474 
98329827 
62379525 
35325766 
31861204 
48652452 
25221038 
18114192 
13300033 
30656140 
76216638 
65213438 
80110738 
89603219 
84407811 
43972210 
63032738 
92696386 
97105405 
05804404 
16515484 
53511325 
47993349 
72306537 
39115734 
01397797 
59195421 
95653073 
99880354 
47150922 
41846550 
89636197 
03371854 
01928771 
24585218 
18311363 
78644757 
09961038 
36300937 
36066264 
78634788 
78379502 
03752274 
30041659 
36777823 
03350300 
66291802 
06409732 
59966771 
58751090 
13216917 
81330543 
89465237 
02597937 
80507351 
92675660 
71252223 
14292224 
24010148 
17454908 
28453338 
06637373 
02885360 
89106000 
02368291 
82662262 
21774991 
60572363 
97002312 
80528085 
39799831 
04654499 
09883026 
31854777 
67498445 
29211081 
99583614 
30751730 
50953712 
38140896 
62693070 
94218273 
44753773 
42552979 
89194754 
99392973 
52644104 
10101752 
40280663 
87626030 
23581200 
36513977 
37770617 
08829004 
00209203 
16181851 
17760742 
49563764 
56382704 
95207829 
66079391 
76720972 
78008514 
08411954 
61601300 
25487788 
08702687 
13096282 
81472636 
90095641 
46387489 
70971788 
47181827 
27783687 
42962140 
77026645 
03235804 
84756247 
12970651 
47459516 
06995260 
63709369 
93410486 
41086272 
43687970 
80694168 
90113061 
44714577 
24775664 
69524874 
18054253 
49056793 
95217112 
18170296 
49566239 
28779502 
28138386 
55896921 
66185024 
93368505 
82119182 
98320421 
28766701 
64245636 
53901189 
41500805 
42759461 
29918982 
82334923 
20732017 
01800619 
26800884 
71906908 
26648570 
65698293 
97515144 
89154123 
99642452 
30428594 
73913855 
89859090 
56767629 
54225934 
79468180 
44983173 
27659504 
18609679 
26738520 
80026081 
18251007 
11814775 
87099999 
23300566 
23904866 
21640239 
67498301 
63960738 
84241670 
59014345 
75407096 
81974938 
42617737 
07673591 
74522888 
64062491 
44826069 
94966574 
06120942 
77386837 
22270835 
14907752 
88718741 
20375385 
40805114 
38557688 
97256225 
81338294 
51840778 
73366653 
66767583 
83981653 
18902359 
75951138 
66443669 
09023418 
86005375 
89706316 
78009818 
44573575 
38207117 
07305211 
06712753 
41402227 
70499180 
17543287 
06585366 
93431237 
56554561 
99812747 
52321118 
49305252 
63107163 
20753206 
90074295 
79744964 
74307148 
66480730 
20312659 
71324502 
91603497 
81796632 
48671818 
58366629 
59464769 
00308386 
81524775 
00218407 
13067672 
03936130 
95167722 
48001220 
79523096 
59587980 
69880838 
19748046 
14392958 
00255791 
11994884 
50288354 
84101604 
16893709 
06421621 
67036061 
20319559 
01865824 
79525983 
35858238 
93337275 
25733551 
51529029 
68934380 
91117493 
61078876 
58917594 
62167952 
10886949 
56208158 
58246361 
50249476 
50626378 
84662779 
83948570 
13575874 
49563196 
27518644 
69769712 
04613423 
98048270 
19294268 
43043623 
08582297 
14861371 
85723471 
99674067 
21311423 
10431097 
01333080 
80821102 
58670162 
11841565 
33209307 
10052326 
92661945 
19928378 
66911686 
63325130 
86532194 
98543140 
45154068 
99377250 
74571083 
50883795 
55880546 
52888290 
88612477 
56454396 
28025482 
49676851 
41530818 
51215709 
69351530 
23368927 
63819898 
29998635 
88529029 
53575023 
46253069 
09338855 
97163850 
47153412 
91180486 
31465388 
95053771 
51112394 
67745819 
76854484 
82944938 
85360664 
18628017 
97472486 
93745748 
35747307 
68304089 
35875934 
87409481 
37216103 
97509876 
09779995 
85013285 
98470100 
25997117 
19665709 
46040275 
39945603 
44565385 
97146669 
42389955 
83405717 
14768359 
70364016 
84237429 
26649250 
15380623 
68907241 
49802339 
12308685 
04318533 
09796158 
93772869 
40834056 
28870042 
12792730 
11112288 
27284795 
92122043 
79123415 
98862092 
54607903 
86903860 
23416809 
19136658 
98580105 
32517949 
43900180 
87822571 
22324938 
82846045 
40361396 
69074734 
97194116 
67339877 
38454766 
11884764 
60985607 
20984562 
94740662 
67390821 
91123996 
13085304 
16250781 
29604451 
49085518 
52548728 
00084940 
31979934 
50851809 
80735382 
43382946 
80278924 
58925520 
25838780 
03662861 
89686322 
32684307 
64609458 
75331037 
37710782 
97211492 
97156158 
87489318 
49782963 
51813738 
34936373 
56405016 
40419835 
09382702 
93259600 
69015985 
40867516 
66130600 
04009893 
00590180 
61252724 
02639251 
77057783 
66373961 
03563466 
49156607 
84346210 
35535889 
04052887 
98825530 
46353817 
62177181 
42747438 
29920714 
14822210 
91998403 
09313799 
10050709 
67473302 
64449979 
76322559 
90048879 
62922966 
48082856 
23275116 
18732901 
35577203 
00892623 
38708776 
38324202 
81481542 
05935309 
41167964 
18549311 
99132390 
37164032 
57075056 
00556309 
63048247 
14680675 
55020909 
68861151 
77567651 
02582150 
41856730 
11306508 
64209067 
22129186 
57539977 
27502639 
02994431 
22007444 
91418002 
61372116 
02087017 
95519683 
58682909 
78495719 
27993412 
65857544 
69229487 
56690862 
84398661 
12507669 
76394932 
35278445 
18851899 
54751177 
31877639 
00934495 
34372611 
92151587 
76346630 
29036562 
93163744 
38651615 
44013082 
55972864 
56813098 
25269169 
88511669 
98673697 
57439045 
29745885 
88081467 
06505410 
22211484 
86235738 
66027862 
57003765 
23873469 
77444569 
25688289 
21830529 
79618117 
68031147 
13432392 
12235734 
13093717 
65882231 
51476299 
62716647 
58876624 
61590900 
66154739 
75197559 
66919190 
14226113 
70191716 
15741862 
35330778 
47720606 
17205018 
39281322 
32017124 
30908415 
84132160 
71693046 
41569885 
38927422 
53443077 
73314582 
22572425 
35295686 
78200891 
06577947 
22314373 
72139185 
55201962 
81309561 
91936993 
20185697 
16708886 
07598476 
18385675 
76754552 
56307729 
97733077 
60494076 
73968041 
16357522 
44853799 
04585126 
77990361 
89772942 
30876312 
04362175 
30901273 
81060390 
41562128 
80417700 
09197740 
19397574 
44973389 
71899661 
15768365 
35764686 
74851926 
90176079 
96691707 
22920026 
60195956 
39975977 
73954909 
44418184 
32268236 
52970916 
15518133 
82663211 
44899426 
26660470 
86707125 
52903781 
32823595 
45616956 
35390650 
63533362 
76906179 
31622334 
76592755 
40333580 
42176153 
89273065 
20494688 
83964300 
39009012 
88651268 
72592937 
66127585 
39426095 
58514128 
14676957 
52734152 
48269277 
78596483 
65578153 
78337457 
43504641 
39631739 
62377677 
98887242 
14596780 
49441636 
33314141 
87280834 
90315437 
28756853 
26386276 
18861275 
05178342 
24351147 
24422602 
50438111 
21376370 
69895748 
90661177 
10354904 
23161971 
49293550 
91648395 
40103524 
96769453 
74972798 
67121951 
47038190 
55130856 
76641667 
44392293 
22029659 
91668453 
50895998 
09997678 
24224389 
15574457 
49080470 
33554074 
10248949 
43477303 
84594164 
01176530 
34425512 
86709034 
10189711 
99081435 
35008798 
93774946 
95521910 
09933366 
39605452 
29112498 
07907374 
07415066 
18356778 
44657237 
91796856 
75910208 
14907174 
80008546 
26000812 
26224644 
90885038 
84324046 
42066039 
79950863 
50481589 
08018066 
15894816 
21368220 
24937529 
69122359 
22631837 
35846649 
55099939 
67542784 
69240166 
55027035 
26048263 
11255866 
15332222 
26553504 
55338385 
78093936 
94114684 
14589381 
01851106 
95075357 
52560435 
61619540 
48981556 
55711111 
93114383 
35355459 
60813178 
56656153 
69079758 
73191278 
07361799 
04520855 
83806575 
58884948 
56896068 
57747526 
23990006 
42702055 
97279059 
55330265 
83327295 
25650667 
84153064 
03659964 
75029665 
49816350 
10424025 
58411953 
30701644 
81348663 
96813693 
00838557 
26348233 
29999864 
34238189 
01663877 
10422767 
30508554 
73459732 
68340615 
70768395 
91966411 
64270799 
32144913 
29203453 
64800841 
53384757 
87808396 
68011033 
70415124 
78022649 
24095799 
31059155 
86241527 
40971584 
15195549 
66940968 
37887268 
51023887 
71541097 
43852003 
97048756 
64636298 
77935429 
70982657 
64833050 
99016930 
67739602 
55935174 
52681382 
35074851 
74373616 
93431910 
85975833 
74209365 
31556469 
70934420 
55936042 
55896580 
16795799 
97171895 
87805895 
54446741 
13670588 
11964688 
00396916 
43391167 
51825424 
70872701 
26737779 
32213866 
38702435 
19347721 
85079434 
58066108 
20282020 
93743620 
32974105 
14477040 
81873723 
90547294 
12870544 
50438113 
08923634 
80446229 
93441431 
64981102 
06330379 
75178645 
55102059 
96961754 
36182997 
60746887 
50028860 
37419932 
06296423 
33662538 
28383307 
44148542 
30196975 
29343142 
69453647 
46109813 
63227533 
46467687 
95659248 
78144966 
98609262 
03370792 
15630742 
14036616 
32390482 
56671466 
03167789 
55731605 
24506641 
03907837 
25314083 
57926411 
64733137 
82193614 
18222763 
92131929 
92999741 
96234531 
52279802 
82949415 
66477899 
60137168 
92123573 
33009038 
49588784 
42968717 
58778948 
97092454 
41142503 
49570884 
62511575 
06862510 
10827465 
85051617 
68045009 
02607218 
45959745 
31075675 
09259351 
62283073 
30435895 
46753037 
89817042 
98242251 
73331968 
74025921 
65212236 
12252556 
33733372 
43145822 
01892601 
77972725 
16980410 
19104397 
46481091 
20380022 
75865685 
42902173 
62465018 
84235048 
19619611 
69722763 
86834008 
60904854 
54731564 
11632836 
92700731 
02655508 
10332153 
09845910 
19972418 
46725661 
79123459 
97667694 
09789422 
44071422 
32881996 
45928883 
21891157 
56806291 
57499366 
82834970 
06048748 
05556379 
05537676 
32876965 
70399248 
75720722 
76473292 
92296459 
82499435 
81012645 
33315799 
38604608 
57638738 
75682164 
39215146 
03154783 
60013392 
66113756 
24076879 
86797763 
41302849 
83913282 
65890492 
25918000 
76634856 
04389848 
94339135 
40817125 
52070339 
37541262 
72383170 
38126089 
79544669 
08327390 
08091587 
37348529 
86319445 
26367399 
22550495 
28849975 
08259695 
03773306 
94845086 
33112128 
73581509 
36804371 
65919884 
12583142 
45785242 
57705730 
87097491 
59478766 
44865696 
53630254 
20691847 
36798678 
47000313 
41523823 
77764289 
20016231 
92767693 
51055194 
70447397 
44574224 
37455647 
11589678 
11336675 
42888527 
01707712 
98706270 
94176575 
96548825 
43182945 
94261828 
30634541 
78495859 
24879432 
76550137 
43107431 
45080809 
26474869 
74751341 
26847334 
72240861 
89851105 
55412807 
35810806 
56820399 
46192290 
01142006 
26994836 
35309077 
87918140 
54432578 
60739158 
54168687 
27679382 
49388735 
12157551 
43981390 
19190713 
48435793 
68768475 
75330224 
36952822 
19046084 
87114320 
93224426 
26451398 
43742346 
79176089 
84770671 
50342860 
27450182 
32538580 
94310908 
64326293 
71260622 
20591704 
87055534 
36083095 
60508093 
81037287 
55134016 
24937629 
10349546 
76385350 
70242963 
22554961 
79074375 
23768087 
90376258 
37691466 
07509434 
68819495 
95621228 
23656401 
60634495 
12598625 
95183312 
13310441 
90278038 
10112325 
00493532 
18697404 
67033519 
60139820 
03733246 
14319101 
68742625 
82277695 
06665702 
38827562 
90212460 
58605217 
55833812 
88767188 
84755604 
61879723 
58151243 
83924786 
17863653 
79459130 
56431569 
91622250 
29834201 
69474940 
38166953 
66185064 
16671937 
66930199 
33824675 
11549328 
82848733 
32119266 
48028079 
95041534 
73328777 
53497943 
07619265 
03600483 
95887354 
65346549 
48589586 
81060710 
73359247 
97978350 
05076795 
58361460 
13289421 
96947008 
24804410 
46055503 
53096224 
63234527 
20142287 
18150975 
27675435 
19904572 
90113520 
35093812 
12343628 
61436135 
66024257 
60517731 
08796308 
80060397 
44449304 
39957903 
89014983 
26530344 
41148425 
43677601 
13624859 
68600853 
53051209 
02398618 
12165452 
41241265 
56853733 
26263460 
62886549 
50898042 
64110652 
90253882 
40778261 
21563631 
06754240 
26599288 
11610916 
86183698 
42972789 
77416499 
60376200 
62829442 
15240574 
10109807 
23829014 
71698551 
30422938 
06793766 
44988363 
69380840 
96732853 
11904687 
41769751 
09029038 
20220290 
21552300 
09815490 
15803475 
36299935 
98690576 
41146992 
41645445 
13831404 
83777315 
11570417 
61775413 
29272109 
90308700 
45668804 
22563154 
44251622 
92984881 
12622809 
51328456 
71443057 
91077410 
71773556 
22556025 
01989342 
47392019 
28516073 
57371417 
99969918 
74396314 
10597896 
47737697 
25529893 
51792243 
33905115 
21929079 
59266260 
94633643 
94163802 
43084557 
02276169 
30182724 
65458098 
46257078 
26392177 
62446230 
00616297 
55375856 
24405103 
60023030 
86260858 
81709754 
98253553 
16235508 
41772750 
17768157 
57976925 
98858846 
94683042 
10836845 
93292475 
28881980 
91369008 
91575146 
02928687 
36523949 
67566860 
38694978 
88893674 
33332212 
36706214 
39525831 
71927328 
90384996 
32828647 
82982786 
81307116 
45606724 
16642639 
27973252 
44196459 
34166810 
79063609 
44172169 
94429166 
32455478 
36465862 
73001573 
90171651 
94061747 
42852987 
96725423 
14118531 
85653334 
41778045 
40869878 
18855013 
43484570 
55518795 
32747769 
84284160 
76961131 
55809896 
24030916 
37055291 
51681459 
52894839 
97815944 
70982096 
89580410 
47716789 
40687283 
65126828 
40277284 
28596603 
75843668 
70193288 
42813610 
51002696 
46371228 
37439558 
47446774 
31867062 
67691626 
12800550 
94660710 
84625790 
70786144 
19750735 
99852787 
11808698 
01155874 
45540455 
15511032 
16130958 
56941806 
64510627 
84749164 
48790112 
47704540 
76158651 
84949705 
43447238 
41334936 
42960731 
53783126 
49716280 
60605890 
62191174 
35027990 
87088591 
15166902 
66035085 
29388984 
33539660 
26088433 
98459976 
83048087 
12912923 
90271975 
93655019 
53735188 
22016490 
99481300 
69552854 
75640060 
50432405 
17910287 
28892438 
66780667 
94426938 
95213967 
04276840 
30152820 
21983907 
51953686 
09592450 
11187755 
58620182 
21499978 
73887871 
76215818 
55105450 
20678693 
44430410 
56279135 
91214479 
03120895 
69373379 
52495745 
14218133 
86560523 
63522808 
23140149 
03960177 
95642151 
20853247 
48540098 
56663739 
57590990 
61589819 
75475277 
09574083 
84978399 
29972755 
46897631 
14955289 
22449321 
32927159 
58398697 
22237075 
03974370 
21430192 
49545628 
17714596 
32289083 
92044755 
64825809 
74354000 
15874522 
13873595 
35448753 
70129250 
28649174 
11007906 
45082772 
68525844 
55589237 
81816095 
62398902 
62998524 
60396116 
41333065 
46812315 
74792159 
15970022 
14916729 
43476026 
22571905 
67730558 
66393904 
80689298 
52807967 
11992690 
53777177 
11839801 
44607476 
20153159 
79603153 
43969950 
05251176 
14033529 
72327538 
23224248 
89172984 
89725584 
30316766 
08109205 
56117910 
99406136 
60750595 
39336209 
66046065 
47574407 
94147772 
03011657 
77191163 
25878950 
64241378 
85460466 
99205062 
40908640 
13363396 
59933307 
96481501 
42672980 
12483267 
95399855 
80000703 
03319002 
77393228 
89889221 
28820464 
42099264 
72020965 
39561657 
64829094 
13243849 
58047460 
07041752 
32889861 
63387347 
99659925 
85649887 
29101716 
76455497 
30062505 
94342603 
79830551 
30582613 
22066373 
93882658 
57347110 
83543688 
94794229 
30659501 
80159859 
00554660 
26081077 
73979113 
61318089 
56798507 
95998329 
35170095 
98128215 
91108244 
45484840 
50821134 
58039233 
96190150 
34537807 
68768815 
74497450 
45514990 
33150071 
99452328 
16341592 
51112790 
97876332 
00471197 
99132290 
07298092 
32111078 
48377059 
42448764 
42161693 
26622670 
38966486 
07213887 
40276194 
21471246 
17384875 
66216939 
34532392 
88482737 
39840025 
38225940 
59406315 
04034893 
60040651 
00156393 
13853131 
40144201 
35883033 
99938049 
22420402 
33515841 
76443318 
11732843 
96820365 
02934517 
82809766 
06870951 
36071819 
08743042 
61265004 
46641269 
21530773 
68892196 
89320929 
27929611 
14733460 
15553282 
34904284 
96366539 
99314998 
22107827 
23419041 
06436315 
59632050 
02458113 
73756003 
28985836 
79152422 
95133116 
77850982 
60163857 
29806596 
81172708 
76581404 
28481274 
75997748 
30400299 
28496722 
13897060 
64780012 
48530497 
33268848 
58468003 
92929963 
37667291 
01783572 
79638607 
92460058 
65985732 
12974382 
10588207 
10993699 
71062392 
02168219 
31077701 
90100716 
67415596 
14392438 
93224089 
74844644 
74408108 
65980983 
15815327 
48502224 
85512588 
51122440 
58840122 
03281177 
42998683 
36584583 
24697045 
15052580 
91618961 
57170806 
08515643 
80037226 
03228382 
61746241 
13784472 
83375277 
53697815 
47012203 
98869910 
94106044 
13420280 
57464019 
04787546 
12022463 
71216890 
65957565 
29757260 
58906563 
97432397 
30888441 
55679469 
53286317 
04731274 
98996594 
67970031 
87530204 
79848106 
74888550 
16129420 
26101738 
79361736 
64150609 
84750448 
99609195 
69651340 
64145593 
81543843 
72680789 
42313555 
35578586 
48625866 
78939790 
54253866 
74051569 
15921735 
15365540 
20140194 
20674709 
73689693 
41334744 
06393253 
63670480 
60242905 
62455313 
76635549 
78938392 
57689917 
59476476 
13549827 
59163759 
03488964 
20137514 
75330452 
87076052 
44499267 
16809087 
08070878 
41138713 
41722189 
45092984 
05752847 
34316502 
99779147 
03980260 
17110687 
91314945 
15306483 
52032539 
55935321 
18387510 
10139783 
23255847 
26345445 
24155581 
65838258 
09622360 
65201383 
66605467 
61810498 
81680766 
45155847 
01374006 
25142408 
39022781 
89969868 
74232929 
90116527 
04404796 
54983275 
64411912 
62418975 
09916675 
16240133 
50930940 
24878820 
24040317 
23168468 
38603592 
30198605 
84763051 
66100416 
59291914 
50562707 
09440144 
79618159 
19029504 
72369630 
14262222 
63260643 
26877849 
11474873 
47200488 
92564927 
28219897 
36956458 
38485321 
12435532 
99021425 
58600301 
31665068 
29387876 
85432268 
96057187 
00994604 
54888758 
94494322 
11040807 
64650747 
01848752 
88310000 
34284616 
81540192 
55789849 
62509653 
57079111 
05968497 
58713959 
04533406 
77110106 
56602088 
71681474 
77632226 
57467959 
79450425 
48828383 
86443716 
20503442 
72904637 
14215018 
96588162 
14340722 
72366709 
91703964 
03800031 
39330544 
30994433 
71566444 
55926745 
07381105 
16012755 
46560931 
12076318 
42778508 
89329761 
43893441 
19655517 
81606176 
77214363 
74670657 
72374812 
93674937 
37668594 
86619954 
29378374 
37433263 
45790103 
56266812 
63742729 
80967647 
83216211 
10506991 
90691502 
75946557 
43354478 
23404662 
81918181 
55408075 
06477027 
36969017 
37583092 
97948756 
47737783 
68789994 
00041815 
05768686 
19455430 
15614358 
95275736 
04527163 
53170468 
21253169 
19439521 
28954206 
83405926 
74336796 
56848662 
90853114 
14081324 
86836173 
36665378 
26495750 
26166231 
71926238 
44034940 
15982428 
30356875 
52332692 
49618985 
23567266 
09595962 
01265703 
87575099 
46054107 
83509554 
79613211 
88890670 
09302634 
88824694 
19360749 
15939496 
71961779 
02623945 
17059217 
67370998 
14073868 
27915134 
04916728 
57621160 
08689103 
68208056 
96840900 
44443716 
78014688 
50914946 
92325793 
62034155 
48969195 
54246158 
68013891 
93165229 
50539323 
74335309 
82959464 
51919164 
79054440 
50467872 
27680707 
04707997 
16803230 
34442840 
06341501 
15638871 
22567221 
28215785 
94678608 
68365649 
88223730 
24301939 
99359477 
92890152 
03669478 
94808488 
21141394 
16032965 
69366677 
33478357 
36464139 
17182877 
69276172 
39041046 
58395426 
12228090 
37931199 
80774816 
29331280 
00523265 
41883582 
03413148 
24293653 
69784399 
42964958 
04561482 
16768181 
32697602 
95464205 
05485636 
48063258 
16189506 
93040220 
50372669 
27471624 
23484049 
98779677 
19351514 
40579117 
14367207 
76776240 
06337754 
47755270 
54660288 
54586076 
75924155 
70396965 
31910870 
37038643 
23311547 
35864351 
90785098 
42590293 
35606741 
40706807 
23276050 
54562521 
32547920 
13341435 
58183288 
55513238 
45826071 
12975997 
12817193 
87387844 
86832487 
04582048 
80199185 
27970517 
47028996 
36304874 
69052744 
73163645 
77650211 
63603780 
80253344 
38694316 
00284318 
08118023 
20719803 
76189898 
19278424 
38457401 
89735434 
89350354 
05785990 
66714421 
54502776 
77764061 
06540566 
37597850 
34434717 
94229431 
31369921 
20596583 
26993892 
53689090 
84775347 
61525106 
46886495 
44717907 
71556388 
87246445 
15302781 
50297577 
19212423 
94374892 
86587601 
51136151 
49588467 
77488957 
20392383 
28479304 
29359591 
11751079 
48946517 
40985201 
40828920 
46699663 
23828198 
47540688 
41083892 
69323491 
59899881 
26743445 
36118489 
27518579 
79697611 
63801140 
03412297 
75356108 
93837351 
54100816 
45810719 
85131788 
01827008 
77332895 
98715343 
86281846 
56921525 
98623900 
78170450 
58803641 
94041989 
41240697 
15863362 
39942165 
13540640 
29473665 
56013244 
85999175 
86077857 
06228658 
40297377 
72114146 
85662364 
03484371 
72028249 
21675136 
62796000 
99939726 
60165449 
80063814 
38438924 
54660405 
88176059 
02704181 
00621942 
64313928 
32339902 
60356785 
83247760 
95277313 
44809768 
24411535 
12578245 
42736941 
82998015 
27803998 
88658185 
06364372 
24965007 
62043118 
38343373 
19187506 
32224620 
92944391 
60545909 
20078014 
19196300 
28256718 
84824874 
46167826 
02647906 
04784938 
06248481 
11666429 
04293266 
67876693 
37931879 
00134748 
86288973 
72990481 
43843709 
67849804 
77236000 
14821799 
85369882 
95808242 
15745137 
96390445 
54608325 
48162110 
40967911 
62264946 
62183162 
19785901 
87116825 
51956460 
06207606 
41211201 
11371811 
50322067 
60596402 
56998617 
12793784 
12510698 
21807604 
27526352 
95105685 
35037843 
63533256 
63602065 
37947310 
27565043 
22063788 
28427010 
36427588 
71664497 
41169134 
29234145 
64147605 
36820528 
80988643 
26289740 
98933281 
57675830 
45444441 
69052215 
69337757 
58845606 
33068411 
20909112 
25373191 
62197704 
73427147 
09664752 
64652511 
57771302 
79722620 
10062141 
92338074 
77514047 
66762784 
48901041 
45762850 
87670469 
68104257 
98022512 
94541949 
74515868 
52359464 
28361217 
83852884 
92923531 
93129452 
00377791 
85120569 
20448516 
51400633 
95560920 
12846591 
63304097 
28216131 
77366437 
29298484 
15795837 
49105923 
56020021 
86478823 
30391650 
55338379 
87084254 
12847955 
59581401 
53996962 
90806767 
95516203 
17246641 
16465773 
77495759 
94112991 
07800063 
06872344 
38699807 
30900555 
44068193 
50196517 
32150797 
09546707 
76756570 
96679298 
63563797 
89525129 
86052752 
38166687 
84695827 
18557586 
73546163 
08176317 
69328099 
62936554 
58698189 
38817439 
51752386 
59793265 
00974556 
33225617 
51880577 
45026695 
45092880 
83756735 
25557427 
03039675 
25589780 
57444919 
05852485 
05351536 
99293953 
16362727 
25754930 
52696656 
72733180 
53626621 
61905069 
83475461 
02593610 
22686303 
90146707 
12800218 
48673988 
43897136 
03553684 
62611954 
93667144 
05193928 
11730735 
78153062 
53331923 
00562991 
65170931 
02300924 
67011035 
99698827 
67464157 
96416421 
04420150 
81487997 
94293110 
20126495 
85470465 
79443246 
81555318 
56109222 
91639005 
27217345 
20891129 
39685402 
00063424 
06518450 
63041791 
16493236 
32312199 
01954313 
02960766 
72110682 
20234594 
80745353 
72808453 
90257916 
47834575 
66004862 
59307416 
50446555 
39133576 
17407896 
92005072 
05149322 
35643408 
68335002 
39404291 
29458318 
63783592 
15477505 
41417130 
02946397 
01829947 
72579376 
44176506 
25929391 
55106952 
89267267 
93873431 
36807345 
11006699 
34350634 
56807149 
36763014 
61992312 
64415139 
85051518 
13814998 
43877475 
51007845 
62083010 
47306897 
88522260 
28134200 
56324205 
57351130 
62647095 
47378928 
17232690 
23820066 
94528323 
08017267 
39767055 
31202402 
45983927 
08907583 
79790997 
88570835 
22010278 
57024403 
26367433 
55832975 
72992877 
84251890 
96664602 
31409673 
92298932 
82944512 
21158799 
44576161 
59889006 
90489398 
48088171 
16068350 
20258620 
11284988 
62571640 
75623883 
83268703 
77267000 
28728685 
85471368 
20530905 
77962771 
60493999 
28268065 
43084638 
18495278 
01611990 
42833668 
43249151 
40066907 
33837771 
17438198 
57529114 
34593487 
76204157 
39099262 
97787876 
58857712 
65935069 
91788880 
35232464 
35105093 
67654104 
59413311 
04530919 
89600016 
22791546 
30370508 
30484743 
75922119 
81699914 
61445625 
73858078 
42392662 
87380884 
63722475 
49098391 
73899101 
50547510 
47784939 
64589864 
40868127 
23875154 
78182727 
06609691 
04235156 
21668806 
46042521 
19378200 
32863912 
85686672 
99581189 
19401340 
56874992 
18001504 
84274302 
71279934 
54674330 
28930399 
87581476 
78185710 
63210942 
17701551 
84785099 
65167952 
72209002 
33783908 
15020663 
78938649 
52143772 
11077769 
45112314 
39482643 
47645283 
47953474 
20024013 
78026136 
74944253 
03477582 
41467549 
83465565 
65208871 
60922966 
68649469 
77287815 
65336324 
92831119 
62725575 
28487699 
54005519 
48722402 
02913331 
14104399 
46709836 
74944371 
79531910 
37475856 
17742618 
64450847 
54961656 
55376059 
77696308 
25356954 
03586182 
71561379 
95768120 
80060707 
06137804 
12358655 
52697074 
43125568 
52494049 
55077126 
85682292 
85871641 
69715060 
64559609 
75553367 
69440096 
83257829 
05475360 
56591053 
12158369 
77438019 
15463590 
70475846 
53051457 
77984308 
62710713 
08555974 
43953052 
02243301 
84141372 
05592301 
07818211 
13288564 
13693947 
09949375 
69150737 
78962382 
30594973 
22978273 
70643231 
89524592 
81191544 
31486281 
68744503 
44151028 
91878375 
91655527 
89473004 
23797955 
27632262 
31232845 
76956274 
10781856 
09928130 
92850613 
45214169 
74093629 
77261845 
45048336 
73138524 
42723011 
19603357 
43440537 
90127090 
85557390 
56243717 
37750343 
52148127 
90994063 
82059786 
17394958 
85120573 
34315105 
05974580 
42499272 
31401167 
92498083 
09735510 
05794810 
03406581 
60658823 
93742327 
52086695 
31001393 
07321187 
89712428 
73362949 
18848154 
63210842 
16372303 
05667875 
35965943 
24019435 
94496810 
16099952 
11427662 
42010309 
14132967 
52920208 
70957100 
20924791 
51655148 
22873466 
94857718 
61110173 
53090854 
60112929 
20805156 
47661423 
60624212 
71716053 
97031344 
21096826 
75525623 
87935883 
88809234 
41119100 
64606282 
08375015 
77252021 
82469254 
65337808 
27759511 
45172853 
95386767 
90656960 
54796358 
05367706 
21773786 
86256263 
14189642 
81569466 
35985580 
70271642 
22618937 
06499969 
52818239 
72071290 
18123244 
43687436 
54809875 
33856365 
22025777 
68528848 
15209729 
06535318 
95793325 
48658367 
69250981 
68066831 
46050399 
81506070 
95354360 
67633696 
70181465 
99448971 
07848059 
15568426 
63678077 
02590240 
87933155 
04192328 
14591467 
59516145 
85538869 
88342411 
45259066 
20152121 
73415293 
89980890 
04076296 
14548456 
40091405 
62425117 
67300451 
76429399 
82547899 
28387616 
94229831 
63994549 
10514319 
22380019 
64163319 
66558710 
56702463 
22315183 
24518117 
08459910 
96320151 
93020662 
46227323 
90953147 
69103494 
96364051 
95889287 
85062750 
91639730 
89717690 
11069614 
05740116 
99075811 
47202990 
83771192 
29786502 
54395151 
11934482 
21755024 
60949835 
85817003 
96653199 
03946497 
74895634 
87987755 
28166779 
54697316 
94274747 
28483870 
71963020 
37074277 
18235947 
20893636 
84851553 
20674976 
05023620 
65115020 
05849315 
19938351 
25487713 
85440575 
65771806 
24939543 
94414153 
20874471 
78964897 
66058923 
28882915 
17530140 
29206880 
26405614 
48636752 
10386564 
38221428 
01237950 
34109434 
98253636 
97950140 
95861941 
14242546 
55765127 
03503392 
63385447 
20857419 
45772113 
90599972 
73014094 
19127317 
50775659 
75675191 
53023063 
56798706 
33973707 
53126901 
93206108 
28876552 
21507785 
46613269 
85103547 
50321714 
22131888 
10414081 
69713592 
72502966 
93446035 
44173801 
31462438 
93886709 
03576173 
55140210 
87402509 
72795979 
28857670 
07610266 
97186435 
82211298 
53149864 
17639589 
42634916 
29121825 
99342650 
37986036 
08663492 
30531554 
02228622 
98763246 
42129072 
20283370 
53895347 
42021336 
51510844 
44990748 
11181826 
68241743 
78965599 
89882816 
83935833 
09984758 
36625618 
70095764 
20693244 
89177588 
31731992 
36792078 
02403085 
45188593 
22481314 
22154052 
25595386 
28230458 
15152191 
78211423 
80417991 
38185052 
69274404 
32900632 
92456313 
82808088 
74223084 
79577139 
08855622 
17248200 
05014738 
44002209 
14276292 
03830835 
07211445 
49908197 
38209105 
71150291 
54811635 
44611912 
45341195 
70520386 
75804828 
47217078 
45513083 
73167988 
97271894 
80765250 
76363450 
41936805 
86144234 
22288568 
25662716 
56445962 
57110515 
84943348 
43256482 
34348376 
32150236 
26901822 
88392577 
74252142 
29572449 
47683377 
50175782 
33256894 
91085082 
13643400 
39305014 
53918636 
23512884 
50710702 
43568603 
00359894 
27845760 
79004369 
56187698 
58902652 
17058150 
82712801 
69700505 
54622533 
88590582 
83716549 
67259801 
26561083 
53669635 
06910425 
44827231 
76039889 
86537048 
22377246 
56749507 
54950444 
43434099 
20353346 
44722287 
11947308 
97091919 
99173570 
47417678 
52698921 
46003033 
10532056 
58200120 
03711614 
94702026 
89071746 
99924427 
68768084 
50680320 
97547505 
72194058 
43742409 
41776975 
92240287 
01653735 
13937661 
14380171 
92832596 
88866993 
77895195 
38503111 
65688212 
41493040 
91262428 
80763619 
68010224 
95211630 
83058276 
87057676 
40623941 
47620428 
32652017 
97678794 
71075577 
81000403 
59049170 
83714041 
60254996 
40039250 
22178883 
58568811 
73534157 
02141409 
95369574 
74766384 
49670422 
71805438 
46960119 
14135346 
03118576 
92045594 
87996543 
73889871 
12547160 
95755944 
38180690 
26729252 
41903757 
42618145 
18460964 
64805851 
90497529 
52937343 
85980014 
27318298 
17995377 
55547844 
19509861 
58054887 
16796963 
84836139 
88800931 
64584377 
52937496 
35517276 
67750294 
67552535 
84724644 
41856306 
13367808 
89106827 
05487997 
93371434 
55333158 
77783245 
44905243 
75823079 
33368423 
34915502 
75976907 
62796413 
15281137 
37210558 
12609038 
76900310 
16331602 
88375961 
08813437 
82758240 
56131941 
59656256 
40491683 
68073630 
98081028 
57971653 
19340138 
16926241 
06006348 
57422238 
60583683 
08091109 
72245703 
50575991 
81270633 
26116799 
22162176 
24295170 
98016674 
50780330 
36313146 
40024727 
48374975 
60396726 
38447711 
13082450 
12908569 
08496709 
08123183 
17266821 
74042344 
79523518 
46467819 
08704145 
67599950 
57873945 
64144970 
90769085 
75464546 
95397908 
66947097 
29945352 
40921201 
70229483 
22097538 
83451371 
34301269 
86111537 
42544632 
71236515 
85151174 
96013557 
69023170 
06410098 
06807683 
71004134 
15418783 
32521094 
39349126 
82898336 
84997920 
98736606 
67142393 
45292984 
59182055 
05099410 
35067382 
74624225 
61144722 
50033504 
75439588 
22862156 
88719763 
56134989 
24764633 
53681299 
95592156 
32550056 
49794344 
13475181 
22332045 
41662484 
18261977 
78107817 
74484017 
97832297 
69191059 
61906194 
53358022 
29889060 
95745996 
98823678 
25767949 
25647792 
08456174 
22363294 
65078384 
73711954 
02304097 
56065156 
95305471 
44146983 
53632783 
28619980 
87992405 
50358457 
52649876 
28650708 
71095331 
42203916 
67096195 
25533982 
87718171 
30960517 
15272406 
11921404 
98703646 
68403302 
87830482 
03639402 
89406627 
72375938 
00170884 
53406750 
70785935 
53188196 
32067145 
41731197 
81422723 
75576353 
03219688 
16966881 
91947287 
02924308 
17117584 
06711066 
65739207 
26776222 
38146108 
16064536 
88628845 
83053048 
35512367 
05361388 
89460404 
33655641 
80177922 
72458031 
55185843 
96366008 
46611336 
64066062 
63228365 
35994986 
16046665 
62676675 
79369070 
61455937 
59755548 
04425631 
64594578 
85270147 
33384537 
15352814 
58003239 
56140680 
38307667 
25958752 
10437573 
08743623 
24311680 
37502606 
51033970 
34909953 
19238628 
09616161 
21784825 
60435278 
51873934 
11673915 
09604689 
16945025 
81834999 
93863455 
43617941 
73902573 
25614713 
52259485 
13704776 
99962941 
50897542 
53025141 
83218327 
77132588 
97925092 
68160603 
93031187 
64229144 
28399137 
82537455 
49689215 
06189792 
29750331 
72957091 
52470509 
55382070 
63380280 
35940136 
50852449 
37449691 
10500805 
49244281 
24001751 
15833115 
45689920 
77256847 
44852186 
73636407 
86036751 
69982305 
57706800 
02921607 
98700219 
82432363 
32592476 
21715652 
15005038 
33774544 
55273913 
48459126 
50103058 
01342292 
64049146 
54992552 
76623058 
39834705 
73010564 
25553384 
03908319 
27723387 
65307119 
78091429 
88995493 
45651402 
87512920 
70900237 
14663654 
54427989 
30220929 
85883828 
56597877 
01894301 
88163170 
57587262 
44110582 
62755276 
94108703 
37440216 
43562510 
00213894 
01956836 
36289891 
06978465 
08364929 
02200794 
01958735 
85877036 
50577124 
04867515 
60164995 
55881976 
78764942 
87655697 
66886692 
84065350 
46331781 
28221225 
38113992 
57274497 
69532544 
16315179 
55284452 
48933572 
75330045 
75156591 
33833287 
53702171 
44102808 
69245083 
45559106 
98924033 
31911955 
87070721 
78307879 
74830275 
04037555 
32900237 
11956968 
78488573 
42180295 
51665213 
45401465 
83969110 
00962581 
49685084 
33848819 
57528133 
59266621 
77405331 
84001810 
38692742 
94532443 
63493199 
07926872 
54104273 
93963201 
42893252 
93943298 
88973010 
10943426 
71544333 
30045219 
69499964 
39463397 
42009751 
52945737 
57776424 
70008403 
96294223 
61346468 
42693921 
81312131 
82620762 
31291908 
49325407 
23958780 
57113698 
66703642 
79293323 
97437917 
69514754 
06023709 
94453155 
88867087 
49531062 
22298450 
33347492 
98270800 
94249208 
11616897 
77496830 
62229369 
26837647 
27076697 
64221061 
25516227 
49206156 
23737315 
09265326 
52468558 
34181561 
38871767 
21033097 
75022977 
74362184 
12578760 
32482164 
22021887 
59335346 
26053452 
21965474 
80334124 
35949244 
75638681 
11467790 
82373929 
14450053 
89292055 
16152838 
21962399 
76591878 
57789669 
12456283 
41610838 
07813080 
30008489 
25997116 
02679382 
58212203 
81261171 
11500637 
14766229 
20763167 
69781628 
56573481 
51398389 
52831676 
26379727 
46053012 
30247935 
50779720 
10433586 
55577360 
29972744 
10480532 
76791636 
52220741 
59920264 
29098194 
01847111 
91622000 
84666119 
20304673 
43668420 
86070410 
89142726 
09210553 
71887790 
26128747 
87839062 
37294288 
99094790 
81509411 
95360417 
46467976 
87681503 
53630284 
93783128 
43429699 
94445979 
87317272 
24116720 
